Ancestral Node,Pos,A,C,D,E,F,G,H,I,K,L,M,N,P,Q,R,S,T,V,W,Y
N1,1,0.0431686,0.00578938,0.27539,0.0761101,0.0139273,0.0396437,0.0171306,0.0212186,0.0436777,0.033058,0.00851082,0.218732,0.021463,0.0293281,0.0326887,0.0458513,0.0319058,0.0253671,0.00386415,0.0131754
N1,2,0.0427266,0.0079262,0.0176104,0.0250249,0.0303437,0.0203162,0.00887382,0.265487,0.0238993,0.113978,0.0237731,0.0155845,0.0168281,0.0159497,0.0208752,0.026676,0.0304954,0.270455,0.00569464,0.0174817
N1,3,0.0748977,0.0100333,0.0335531,0.0426608,0.0178007,0.0382202,0.012994,0.0311566,0.0398371,0.0453899,0.0122064,0.0359673,0.0276897,0.0256517,0.0326553,0.227349,0.233249,0.0393725,0.0045951,0.0147202
N1,4,0.188111,0.0097855,0.0517228,0.0541907,0.0170522,0.0593872,0.0177,0.0279424,0.0475329,0.0418497,0.0115066,0.161005,0.0264552,0.0318268,0.0357982,0.106715,0.0557086,0.0358194,0.004476,0.0154151
N1,5,0.0629875,0.00766911,0.0367635,0.183558,0.0260929,0.027323,0.0155012,0.0508216,0.0468921,0.205994,0.0280484,0.0259415,0.0240277,0.0564827,0.0359632,0.0396797,0.0399076,0.0609913,0.00600579,0.0193493
N1,6,0.0496038,0.498591,0.0216355,0.0289715,0.0235848,0.0290533,0.01041,0.0341669,0.0269856,0.0520632,0.0122246,0.0195379,0.0187144,0.0175741,0.0240653,0.0367856,0.0300958,0.0411129,0.00604673,0.0187768
N1,7,0.0387728,0.00503569,0.0229175,0.0311154,0.0133255,0.0239982,0.00906277,0.0213563,0.0272336,0.0336402,0.00807256,0.0176765,0.612682,0.0177403,0.0230997,0.0305627,0.0238636,0.0253099,0.0035979,0.0109363
N1,8,0.0305745,0.00684333,0.0158241,0.0218554,0.49111,0.0177252,0.0115728,0.0421854,0.0209739,0.0849894,0.0161948,0.0142605,0.0140985,0.0142162,0.0189393,0.0223306,0.0210214,0.040813,0.0162932,0.0781789
N1,9,0.0736264,0.00700716,0.0456687,0.0679165,0.0149513,0.235026,0.0190068,0.0233038,0.0541027,0.0371463,0.0102971,0.0446638,0.0239886,0.156605,0.0463176,0.0592919,0.0344316,0.0287737,0.00451726,0.0133579
N1,10,0.0739146,0.00708435,0.0743551,0.224846,0.0150904,0.0410942,0.0148905,0.0242568,0.0526199,0.0374921,0.00995795,0.0422382,0.0279586,0.0444045,0.0376755,0.175447,0.048833,0.0301707,0.00417155,0.0134993
N1,11,0.0421984,0.00806394,0.017419,0.0248655,0.0365065,0.0200008,0.00916024,0.129308,0.0239612,0.288143,0.0308243,0.0154487,0.0169199,0.016364,0.0211775,0.0262704,0.0289919,0.218944,0.00635793,0.0190748
N1,12,0.0364132,0.00811642,0.0165834,0.0232448,0.227831,0.0188241,0.0105804,0.204373,0.0224759,0.154098,0.0284043,0.0150923,0.0153662,0.0153142,0.0201418,0.0248409,0.0257378,0.0831211,0.0101352,0.0393061
N1,13,0.0445325,0.00641968,0.0648042,0.0531856,0.0152297,0.0409182,0.0204101,0.0227769,0.047481,0.0354477,0.0091677,0.422295,0.0212211,0.0287769,0.0362437,0.0494975,0.0354553,0.0270645,0.00418225,0.0148904
N1,14,0.23843,0.0122656,0.0231835,0.0337574,0.0240539,0.0314604,0.0104733,0.0672242,0.0302421,0.0754507,0.0190099,0.0205246,0.023729,0.0205044,0.0257879,0.043577,0.0464298,0.232308,0.00525318,0.0163349
N1,15,0.0619303,0.00886199,0.0301225,0.0400736,0.018453,0.032165,0.0122036,0.036026,0.0385064,0.0496474,0.0135382,0.0299458,0.0248976,0.0242697,0.031333,0.0668396,0.41669,0.0451746,0.00461868,0.0147032
N1,16,0.0666138,0.00918908,0.0360054,0.0438269,0.0177063,0.0368408,0.013793,0.0314071,0.0414329,0.0452843,0.0122806,0.0485595,0.0259529,0.026196,0.0332537,0.113305,0.339554,0.0393811,0.00455887,0.0148595
N1,17,0.0364132,0.00811642,0.0165834,0.0232448,0.227831,0.0188241,0.0105804,0.204373,0.0224759,0.154098,0.0284043,0.0150923,0.0153662,0.0153142,0.0201418,0.0248409,0.0257378,0.0831211,0.0101352,0.0393061
N1,18,0.0387728,0.00503569,0.0229175,0.0311154,0.0133255,0.0239982,0.00906277,0.0213563,0.0272336,0.0336402,0.00807256,0.0176765,0.612682,0.0177403,0.0230997,0.0305627,0.0238636,0.0253099,0.0035979,0.0109363
N1,19,0.0772324,0.0104161,0.0364309,0.0439564,0.0168946,0.0465422,0.0133004,0.0271597,0.0391306,0.0411066,0.0106978,0.0376908,0.0298447,0.0255215,0.0327445,0.398557,0.0600236,0.0337459,0.004521,0.0144826
N1,20,0.0850924,0.00853135,0.0238617,0.0350342,0.0215064,0.0268761,0.0110711,0.0549298,0.0317191,0.0710023,0.0158455,0.0202758,0.249492,0.0219882,0.026899,0.0442853,0.0456638,0.185846,0.00486718,0.015213
N1,21,0.185034,0.0165519,0.0257036,0.0353041,0.0630564,0.0315412,0.0276283,0.0398824,0.0323576,0.0669976,0.0170425,0.0268577,0.0221788,0.0245108,0.0301391,0.0549259,0.0378476,0.0507067,0.0122652,0.199469
N1,22,0.187804,0.015551,0.021822,0.0305733,0.196937,0.0297448,0.0154289,0.0537078,0.0284598,0.0970124,0.0239709,0.020851,0.021608,0.0203901,0.0255813,0.0481256,0.0366329,0.0693948,0.0105901,0.0458142
N1,23,0.0246358,0.00487976,0.0143676,0.0197459,0.0327653,0.0164198,0.00875772,0.0240299,0.0189572,0.0429318,0.0093065,0.0124076,0.012227,0.0124081,0.0176249,0.0187273,0.0167362,0.0253779,0.63619,0.0315042
N1,24,0.0454108,0.00568845,0.049335,0.214766,0.0142504,0.0312753,0.0179447,0.022395,0.116319,0.0356795,0.00945191,0.0330813,0.0225921,0.0666607,0.200196,0.0392877,0.0313403,0.0268431,0.00428231,0.0132001
N1,25,0.038051,0.00565308,0.0281735,0.0432983,0.0149152,0.0273858,0.0163087,0.0227607,0.0947703,0.0367058,0.00940335,0.0257382,0.0202202,0.0343901,0.477033,0.0328454,0.0274314,0.0264298,0.00477044,0.0137158
N1,26,0.0473263,0.00860561,0.0256474,0.0365878,0.0456347,0.0255374,0.164037,0.0467372,0.043483,0.125093,0.117106,0.03082,0.0205452,0.0461714,0.041791,0.0372808,0.0379058,0.0477023,0.0087297,0.043258
N1,27,0.0408085,0.00879527,0.0253937,0.0366633,0.04251,0.025166,0.0574546,0.0308251,0.056928,0.0557535,0.0138937,0.0292702,0.0190644,0.0333968,0.200494,0.0361814,0.0297745,0.0341049,0.0155242,0.207997
N1,28,0.0427266,0.0079262,0.0176104,0.0250249,0.0303437,0.0203162,0.00887382,0.265487,0.0238993,0.113978,0.0237731,0.0155845,0.0168281,0.0159497,0.0208752,0.026676,0.0304954,0.270455,0.00569464,0.0174817
N1,29,0.0615612,0.00862556,0.0343671,0.0493185,0.0163568,0.0388784,0.019384,0.0257502,0.0827949,0.0407453,0.0109531,0.0402127,0.0267085,0.0402783,0.220715,0.18235,0.049792,0.0311817,0.00494971,0.0150772
N1,30,0.0444174,0.00637238,0.0685305,0.0544623,0.0151054,0.0408082,0.0202195,0.0226291,0.0472658,0.0352145,0.00911027,0.419524,0.0212369,0.0288087,0.0360157,0.0492416,0.0352293,0.0269078,0.00415003,0.0147507
N1,31,0.0496038,0.498591,0.0216355,0.0289715,0.0235848,0.0290533,0.01041,0.0341669,0.0269856,0.0520632,0.0122246,0.0195379,0.0187144,0.0175741,0.0240653,0.0367856,0.0300958,0.0411129,0.00604673,0.0187768
N1,32,0.0754761,0.0120114,0.036642,0.0443571,0.0238545,0.035404,0.0174797,0.0651058,0.0439145,0.0661461,0.019475,0.145322,0.0227673,0.0286554,0.0334765,0.0600608,0.0800958,0.164757,0.00525916,0.0197402
N1,33,0.185423,0.016557,0.0257152,0.0353252,0.0629644,0.0315746,0.0275988,0.0398884,0.0323702,0.0669873,0.0170447,0.0268594,0.022196,0.0245187,0.030144,0.0549725,0.0378759,0.0507379,0.0122488,0.198998
N1,34,0.0395385,0.00520484,0.480946,0.09529,0.0128543,0.0347446,0.0128931,0.019814,0.0378891,0.0309028,0.00787509,0.0432602,0.0208624,0.0266027,0.029013,0.0363323,0.02703,0.0236483,0.00358466,0.0117143
N1,35,0.0384126,0.00945171,0.018047,0.0251947,0.114102,0.0197617,0.0161729,0.175793,0.0247523,0.116943,0.0251352,0.0176298,0.0159693,0.017282,0.0227276,0.027146,0.0284127,0.0766352,0.01301,0.197421
N1,36,0.077234,0.0104162,0.0364297,0.0439553,0.0168953,0.0465419,0.0133001,0.0271612,0.0391296,0.0411087,0.0106982,0.0376898,0.0298445,0.0255211,0.0327437,0.398556,0.0600234,0.0337475,0.00452111,0.0144828
N1,37,0.0480521,0.00870767,0.0183966,0.026198,0.0283047,0.0215471,0.00902734,0.115597,0.0247101,0.0997946,0.0212909,0.0162063,0.0177554,0.0164632,0.0214827,0.0283683,0.0324821,0.423098,0.00553549,0.0169824
N1,38,0.0340894,0.00748763,0.0163107,0.0228687,0.251417,0.0183948,0.0107957,0.065659,0.0221846,0.30008,0.0276248,0.0147213,0.0151537,0.0152827,0.0200432,0.0238581,0.0235511,0.056506,0.0117929,0.0421781
N1,39,0.052612,0.0127083,0.0257268,0.0339958,0.0591181,0.0258543,0.0316722,0.0425035,0.0343313,0.0673276,0.0185051,0.0333805,0.0203118,0.0248239,0.0314991,0.0581157,0.164917,0.0491449,0.0116908,0.201762
N1,40,0.0431686,0.00578938,0.27539,0.0761101,0.0139273,0.0396437,0.0171306,0.0212186,0.0436777,0.033058,0.00851082,0.218732,0.021463,0.0293281,0.0326887,0.0458513,0.0319058,0.0253671,0.00386415,0.0131754
N1,41,0.0593415,0.00836458,0.0540281,0.050717,0.0161954,0.0476812,0.0181197,0.0249897,0.0462685,0.0383597,0.01009,0.216562,0.0252515,0.0293897,0.0362864,0.214754,0.0537564,0.0303523,0.00437896,0.0151134
N1,42,0.255411,0.0117074,0.0331468,0.0436803,0.0176509,0.0509547,0.0123726,0.0302185,0.0373734,0.0447234,0.0117374,0.0304358,0.0307182,0.0251074,0.0311942,0.218761,0.0562041,0.0395472,0.00458932,0.0144666
N1,43,0.17726,0.0121863,0.0392942,0.0508498,0.0225517,0.0519424,0.0153009,0.0362815,0.0446231,0.055121,0.0144818,0.0376646,0.0346214,0.0299224,0.0377667,0.209028,0.0585484,0.0479209,0.00598687,0.0186479
N1,44,0.0601453,0.00708308,0.231832,0.0792368,0.0146745,0.0466619,0.0151732,0.0230027,0.0423381,0.0354661,0.00924002,0.0673686,0.0267101,0.0300582,0.0325968,0.188557,0.0442686,0.0281693,0.00403043,0.0133871
N1,45,0.0417329,0.0100166,0.017314,0.0242957,0.21516,0.0199505,0.0110559,0.102432,0.023311,0.137002,0.0263419,0.0158043,0.016244,0.0159458,0.020867,0.0268253,0.0280905,0.197861,0.0100889,0.0396613
N1,46,0.0581035,0.0148531,0.0285728,0.0355739,0.0569306,0.0304673,0.0354604,0.0340329,0.0342853,0.0577853,0.0144368,0.0382943,0.0221437,0.0253249,0.032444,0.171935,0.0438776,0.0393121,0.0120563,0.21411
N1,47,0.0748977,0.0100333,0.0335531,0.0426608,0.0178007,0.0382202,0.012994,0.0311566,0.0398371,0.0453899,0.0122064,0.0359673,0.0276897,0.0256517,0.0326553,0.227349,0.233249,0.0393725,0.0045951,0.0147202
N1,48,0.0340843,0.00748865,0.0163101,0.0228664,0.251862,0.0183941,0.0108,0.0656255,0.0221819,0.299657,0.027611,0.0147217,0.0151515,0.0152806,0.0200412,0.0238574,0.023547,0.0564823,0.0118017,0.0422349
N1,49,0.0429274,0.00568599,0.0365002,0.071419,0.015012,0.02913,0.0188066,0.0236331,0.251334,0.0381083,0.010397,0.0330139,0.0223909,0.202593,0.0840205,0.0375104,0.0317481,0.0277631,0.00430755,0.013699
N1,50,0.0496038,0.498591,0.0216355,0.0289715,0.0235848,0.0290533,0.01041,0.0341669,0.0269856,0.0520632,0.0122246,0.0195379,0.0187144,0.0175741,0.0240653,0.0367856,0.0300958,0.0411129,0.00604673,0.0187768
N1,51,0.0296683,0.00653077,0.01756,0.0237218,0.0842627,0.0185372,0.0194123,0.0302364,0.0227637,0.0549657,0.0117543,0.0161881,0.0142784,0.0154787,0.02093,0.0230265,0.0205139,0.0314606,0.0193032,0.519408
N1,52,0.0505534,0.00623921,0.0302349,0.0355614,0.0132005,0.571961,0.00985011,0.0206232,0.029705,0.0318713,0.00802416,0.0251242,0.0193764,0.0187748,0.0252399,0.0380213,0.0255977,0.0249401,0.00389915,0.0112025
N1,53,0.0480521,0.00870767,0.0183966,0.026198,0.0283047,0.0215471,0.00902734,0.115597,0.0247101,0.0997946,0.0212909,0.0162063,0.0177554,0.0164632,0.0214827,0.0283683,0.0324821,0.423098,0.00553549,0.0169824
N1,54,0.255496,0.0117119,0.0331875,0.0437138,0.0176291,0.0510697,0.012378,0.0301407,0.0373831,0.0446319,0.0117143,0.0304617,0.0307536,0.0251156,0.0312048,0.218924,0.0559895,0.0394487,0.00458686,0.0144596
N1,55,0.0387728,0.00503569,0.0229175,0.0311154,0.0133255,0.0239982,0.00906277,0.0213563,0.0272336,0.0336402,0.00807256,0.0176765,0.612682,0.0177403,0.0230997,0.0305627,0.0238636,0.02531,0.0035979,0.0109363
N1,56,0.0748977,0.0100333,0.0335531,0.0426609,0.0178007,0.0382203,0.012994,0.0311566,0.0398371,0.0453898,0.0122063,0.0359673,0.0276897,0.0256517,0.0326553,0.227349,0.233249,0.0393724,0.00459509,0.0147202
N1,57,0.0637188,0.00742086,0.0385996,0.0576667,0.0157114,0.038652,0.0162587,0.0253917,0.215081,0.0394613,0.0108318,0.049259,0.0271991,0.0408568,0.0690136,0.179191,0.0562226,0.0309498,0.00441039,0.0141031
N1,58,0.0353683,0.00684759,0.0164968,0.0234422,0.0421491,0.0186169,0.00907758,0.0771503,0.0228405,0.50912,0.0307554,0.0145968,0.0157998,0.0157036,0.0204142,0.0239768,0.0246342,0.0650193,0.00718529,0.020805
N1,59,0.188099,0.00978827,0.0517554,0.0541663,0.0170472,0.0594342,0.0176979,0.0279328,0.0475123,0.0418283,0.0115009,0.161098,0.0264488,0.0317316,0.0357746,0.106763,0.0557242,0.0358098,0.00447417,0.0154128
N1,60,0.0395385,0.00520484,0.480946,0.09529,0.0128543,0.0347446,0.0128931,0.019814,0.0378891,0.0309028,0.00787509,0.0432602,0.0208624,0.0266027,0.029013,0.0363323,0.02703,0.0236483,0.00358466,0.0117143
N1,61,0.0380191,0.00720142,0.0174147,0.0248812,0.0407688,0.0196443,0.00952892,0.0820682,0.0245431,0.337064,0.179762,0.0155137,0.0163424,0.0172108,0.0218422,0.0255903,0.0270835,0.0678284,0.00711005,0.0205826
N1,62,0.0496038,0.498591,0.0216355,0.0289715,0.0235848,0.0290533,0.01041,0.0341669,0.0269856,0.0520632,0.0122246,0.0195379,0.0187144,0.0175741,0.0240653,0.0367856,0.0300958,0.0411129,0.00604673,0.0187768
N1,63,0.0290639,0.00668504,0.015539,0.0214883,0.245262,0.0179278,0.0118155,0.0339913,0.0208761,0.0701007,0.0141681,0.0139491,0.0136077,0.014084,0.0196771,0.0217405,0.0198007,0.0342781,0.291148,0.0847974
N1,64,0.0739977,0.00706146,0.0751823,0.22623,0.0149856,0.0412165,0.014741,0.0241291,0.0524153,0.0372409,0.00989082,0.0422829,0.0279427,0.0433234,0.0373446,0.175613,0.0488029,0.0300549,0.00414038,0.0134049
N1,65,0.07396,0.0070563,0.0752805,0.22628,0.0149737,0.0412257,0.014751,0.0240998,0.0524356,0.0371997,0.00988084,0.0423439,0.0279268,0.043333,0.0373572,0.175601,0.0487368,0.0300193,0.00413811,0.0134012
N1,66,0.238444,0.0122805,0.0232562,0.033855,0.0239725,0.0315687,0.0104897,0.0669225,0.0303156,0.0751455,0.018966,0.0205786,0.0237954,0.0205497,0.0258459,0.0436702,0.0465075,0.232287,0.0052418,0.0163072
N1,67,0.035297,0.00720323,0.0239066,0.0313869,0.0553567,0.022856,0.209928,0.0290752,0.0310297,0.0515935,0.0119041,0.0254037,0.0173714,0.0233338,0.0303905,0.0295519,0.024972,0.0315972,0.0133434,0.294499
N1,68,0.180021,0.0112355,0.0219825,0.0319578,0.0270315,0.0284552,0.0105266,0.172017,0.0297797,0.0952598,0.0261376,0.0200144,0.0223484,0.0203009,0.0255193,0.0408023,0.0477814,0.166063,0.00550065,0.0172656
N1,69,0.0395385,0.00520484,0.480946,0.09529,0.0128543,0.0347446,0.0128931,0.019814,0.0378891,0.0309028,0.00787509,0.0432602,0.0208624,0.0266027,0.029013,0.0363323,0.02703,0.0236483,0.00358466,0.0117143
N1,70,0.0296758,0.00653156,0.0175663,0.0237298,0.0842452,0.0185441,0.0194132,0.0302358,0.0227704,0.0549617,0.0117541,0.0161929,0.0142831,0.0154827,0.0209354,0.0230334,0.0205188,0.0314617,0.0192958,0.519368
N1,71,0.0366646,0.00805915,0.0172412,0.0242018,0.242084,0.0194684,0.0116837,0.0668997,0.0236931,0.157181,0.158369,0.0157952,0.0156307,0.0165002,0.02136,0.025724,0.0258638,0.0578528,0.0119012,0.0438267
N1,72,0.0700919,0.00851318,0.0269481,0.047522,0.0216144,0.0283013,0.0137899,0.0624505,0.187656,0.0709236,0.0216665,0.0273699,0.023313,0.0342325,0.0561243,0.0423021,0.0572899,0.177808,0.00525025,0.016832
N1,73,0.042736,0.00792791,0.0176106,0.0250254,0.0303415,0.0203173,0.00887378,0.265172,0.0238993,0.113956,0.023769,0.0155846,0.0168289,0.0159498,0.020875,0.0266784,0.0304987,0.27078,0.00569481,0.0174816
N1,74,0.0637171,0.00742163,0.038594,0.0576585,0.0157129,0.0386513,0.0162609,0.0253926,0.215059,0.0394636,0.0108321,0.0492544,0.0271982,0.0408566,0.0690502,0.179191,0.0562196,0.0309504,0.00441139,0.0141048
N1,75,0.0704617,0.00634801,0.0775894,0.212388,0.013629,0.241962,0.0130395,0.0215728,0.0456783,0.0334772,0.00878667,0.038673,0.0229818,0.0336904,0.0340629,0.0512755,0.0315556,0.0268232,0.00398744,0.0120177
N1,76,0.0444981,0.00555316,0.197073,0.125422,0.0136975,0.0350084,0.0169166,0.0214399,0.193334,0.0336193,0.00886719,0.0664196,0.0228053,0.0427745,0.0530641,0.0440293,0.0332242,0.0256864,0.00388251,0.012685
N1,77,0.0395397,0.0052049,0.480902,0.0953221,0.0128549,0.0347406,0.0128931,0.0198155,0.0378944,0.0309053,0.00787569,0.0432539,0.020863,0.0266071,0.0290166,0.0363315,0.0270305,0.02365,0.00358486,0.0117146
N1,78,0.0427362,0.00792793,0.0176107,0.0250256,0.0303413,0.0203175,0.00887381,0.265172,0.0238994,0.113955,0.0237689,0.0155847,0.016829,0.0159498,0.0208751,0.0266785,0.0304988,0.27078,0.00569477,0.0174815
N1,79,0.0459169,0.0106521,0.022847,0.0337997,0.168144,0.0253593,0.0343902,0.042302,0.0507809,0.0952992,0.0232278,0.0246464,0.0197559,0.0300405,0.167568,0.0391649,0.0329587,0.0446806,0.0176985,0.0707668
N1,80,0.069215,0.00776906,0.0423974,0.066687,0.0166462,0.0384177,0.0211453,0.026354,0.0587808,0.0420441,0.0117112,0.0442678,0.0286409,0.183338,0.0487502,0.188821,0.0531628,0.0321161,0.0046104,0.0151252
N1,81,0.0364233,0.00811558,0.0165854,0.0232487,0.227375,0.0188265,0.0105749,0.204745,0.0224796,0.154126,0.0284131,0.015093,0.0153691,0.0153157,0.0201436,0.0248435,0.0257477,0.0832053,0.0101235,0.0392456
N1,82,0.200811,0.0078638,0.0348192,0.0615817,0.0163771,0.0416813,0.0146404,0.0284704,0.207412,0.0433942,0.0124906,0.033756,0.0279944,0.040808,0.0625241,0.0620022,0.0476053,0.0371541,0.00449141,0.0141231
N1,83,0.0387728,0.00503569,0.0229175,0.0311154,0.0133255,0.0239982,0.00906277,0.0213563,0.0272336,0.0336402,0.00807256,0.0176765,0.612682,0.0177403,0.0230997,0.0305627,0.0238636,0.0253099,0.0035979,0.0109363
N1,84,0.255738,0.0117008,0.0332106,0.0437206,0.0176015,0.0515342,0.0123739,0.0300907,0.0373762,0.0445578,0.0116979,0.0304743,0.0307225,0.0251077,0.031199,0.218555,0.0559186,0.0393961,0.00458264,0.0144415
N1,85,0.0737316,0.00700969,0.0455904,0.0679157,0.0149454,0.235172,0.0189628,0.0233019,0.0540605,0.0371452,0.0102989,0.0443246,0.0239984,0.156841,0.0463158,0.0593204,0.0344244,0.0287768,0.00451746,0.0133463
N1,86,0.232402,0.010881,0.0305159,0.0423541,0.0185478,0.0399519,0.0120223,0.0362853,0.0378512,0.0501551,0.01404,0.0284745,0.0280846,0.0250702,0.030886,0.0875033,0.203412,0.0522712,0.0046493,0.0146426
N1,87,0.0505534,0.00623921,0.0302349,0.0355614,0.0132005,0.571961,0.00985011,0.0206232,0.029705,0.0318713,0.00802416,0.0251242,0.0193764,0.0187748,0.0252399,0.0380213,0.0255977,0.0249401,0.00389915,0.0112025
N1,88,0.0880825,0.00934741,0.16296,0.0900498,0.0204261,0.0360711,0.014792,0.0463111,0.0399071,0.057325,0.015659,0.0428951,0.0256634,0.0300541,0.0305796,0.0538524,0.0604163,0.15387,0.00482237,0.016915
N1,89,0.0364232,0.00811556,0.0165852,0.0232486,0.227376,0.0188264,0.0105748,0.204745,0.0224794,0.154126,0.0284132,0.0150929,0.015369,0.0153157,0.0201435,0.0248434,0.0257476,0.0832053,0.0101235,0.0392457
N1,90,0.440306,0.010865,0.0293133,0.0412412,0.0181044,0.0492709,0.0112361,0.0333793,0.0343618,0.0480657,0.0123862,0.0246713,0.0291335,0.0231104,0.0287788,0.0593543,0.0419492,0.0456603,0.00459957,0.0142127
N1,91,0.0444981,0.00555316,0.197073,0.125423,0.0136975,0.0350084,0.0169166,0.0214399,0.193334,0.0336193,0.00886719,0.0664196,0.0228053,0.0427745,0.0530641,0.0440293,0.0332242,0.0256864,0.0038825,0.012685
N1,92,0.0296683,0.00653077,0.01756,0.0237218,0.0842627,0.0185372,0.0194123,0.0302364,0.0227637,0.0549657,0.0117543,0.0161881,0.0142784,0.0154787,0.02093,0.0230265,0.0205139,0.0314606,0.0193032,0.519408
N1,93,0.0445325,0.00641968,0.0648042,0.0531856,0.0152297,0.0409182,0.0204101,0.0227769,0.047481,0.0354477,0.0091677,0.422295,0.0212211,0.0287769,0.0362437,0.0494975,0.0354553,0.0270645,0.00418225,0.0148904
N1,94,0.0296683,0.00653077,0.01756,0.0237218,0.0842627,0.0185372,0.0194123,0.0302364,0.0227637,0.0549657,0.0117543,0.0161881,0.0142784,0.0154787,0.02093,0.0230265,0.0205139,0.0314606,0.0193032,0.519408
N1,95,0.0396207,0.00546325,0.0325198,0.0535993,0.0142604,0.0281879,0.0143697,0.0225623,0.46049,0.035735,0.00936718,0.0296747,0.0209713,0.0371397,0.0888764,0.0344408,0.0293693,0.0264575,0.00411004,0.0127847
N1,96,0.0353683,0.00684759,0.0164968,0.0234422,0.0421491,0.0186169,0.00907758,0.0771503,0.0228405,0.50912,0.0307554,0.0145968,0.0157998,0.0157036,0.0204142,0.0239768,0.0246342,0.0650193,0.00718529,0.020805
N1,97,0.0387728,0.00503569,0.0229175,0.0311154,0.0133255,0.0239982,0.00906277,0.0213563,0.0272336,0.0336402,0.00807256,0.0176765,0.612682,0.0177403,0.0230997,0.0305627,0.0238636,0.0253099,0.0035979,0.0109363
N1,98,0.060102,0.00707745,0.232271,0.0793066,0.0146691,0.0466505,0.0151739,0.022993,0.042336,0.0354524,0.00923659,0.0673752,0.0267006,0.030059,0.0325903,0.188204,0.0442316,0.028157,0.00402921,0.0133843
N1,99,0.0395385,0.00520484,0.480946,0.09529,0.0128543,0.0347446,0.0128931,0.019814,0.0378891,0.0309028,0.00787509,0.0432602,0.0208624,0.0266027,0.029013,0.0363323,0.02703,0.0236483,0.00358466,0.0117143
N1,100,0.0305745,0.00684333,0.0158241,0.0218554,0.49111,0.0177252,0.0115728,0.0421854,0.0209739,0.0849894,0.0161948,0.0142605,0.0140985,0.0142162,0.0189393,0.0223306,0.0210214,0.040813,0.0162932,0.0781789
N1,101,0.0600472,0.00945608,0.0236908,0.0339834,0.027274,0.0263829,0.0119736,0.0653234,0.0353195,0.0932136,0.167031,0.0236681,0.0211633,0.0249183,0.0293469,0.0466977,0.205314,0.0710699,0.00586279,0.0182629
N1,102,0.0505534,0.00623921,0.0302349,0.0355614,0.0132005,0.571961,0.00985011,0.0206232,0.029705,0.0318713,0.00802416,0.0251242,0.0193764,0.0187748,0.0252399,0.0380213,0.0255977,0.0249401,0.00389915,0.0112025
N1,103,0.0496038,0.498591,0.0216355,0.0289715,0.0235848,0.0290533,0.01041,0.0341669,0.0269856,0.0520632,0.0122246,0.0195379,0.0187144,0.0175741,0.0240653,0.0367856,0.0300958,0.0411129,0.00604673,0.0187768
N1,104,0.0697385,0.0105858,0.023343,0.0332494,0.0241275,0.0268337,0.0108355,0.0794364,0.0317573,0.0767748,0.0209439,0.0219827,0.0220376,0.0209305,0.0267205,0.0456945,0.20529,0.227888,0.00523513,0.0165957
N1,105,0.0420732,0.00793735,0.0174786,0.0248985,0.0336735,0.0200953,0.00904183,0.225192,0.0239121,0.170917,0.0268886,0.0154886,0.0168468,0.0161529,0.0210304,0.0263715,0.0295372,0.24789,0.00610737,0.018467
N1,106,0.238825,0.0122824,0.0232698,0.033872,0.0239602,0.031597,0.0104924,0.0668401,0.0303264,0.0750905,0.0189577,0.0205883,0.0238075,0.0205573,0.0258542,0.0437054,0.0465117,0.231918,0.00524058,0.0163037
N1,107,0.02906,0.00668408,0.0155385,0.0214879,0.244814,0.0179295,0.0118145,0.0339735,0.0208767,0.0700652,0.0141628,0.0139483,0.0136066,0.014084,0.0196808,0.0217389,0.0197976,0.0342635,0.291719,0.0847545
N1,108,0.0571147,0.00810498,0.0477692,0.0495854,0.0170658,0.0385593,0.0176401,0.0284691,0.0490032,0.0420624,0.0115895,0.200125,0.0237988,0.029965,0.0364484,0.0858871,0.202264,0.0346818,0.00446091,0.0154051
N1,109,0.0571397,0.0081074,0.0477287,0.0495733,0.0170687,0.0385453,0.0176282,0.0284839,0.0489921,0.0420786,0.0115943,0.199743,0.0238042,0.0299596,0.0364428,0.0859057,0.202638,0.0347028,0.00446123,0.0154026
N1,110,0.0470605,0.00628504,0.0575261,0.072065,0.0156686,0.03589,0.0319995,0.0238771,0.0689999,0.0380361,0.0103773,0.194723,0.0227605,0.187968,0.0498011,0.0512442,0.0377656,0.0282835,0.00436635,0.015303
N1,111,0.073904,0.00705295,0.0753722,0.226293,0.014972,0.0412155,0.0147592,0.0240946,0.0524501,0.0371929,0.00987863,0.0424535,0.0279118,0.0433361,0.0373592,0.175498,0.0487079,0.0300101,0.00413769,0.0134013
N1,112,0.0377877,0.00721365,0.0171891,0.0245638,0.0395194,0.019405,0.00931239,0.0859053,0.0238404,0.47619,0.0303582,0.0151993,0.0164083,0.0169409,0.0212228,0.0251485,0.0262432,0.0806484,0.00682881,0.020075
N1,113,0.0591979,0.0070338,0.20668,0.0840143,0.0153975,0.0382445,0.0151702,0.0256151,0.0447708,0.0384894,0.0103722,0.0659881,0.0253531,0.0314172,0.0330021,0.0782788,0.171067,0.0320675,0.00411453,0.0137256
N1,114,0.086405,0.216501,0.0281724,0.0361005,0.0215298,0.0408933,0.0129164,0.0326866,0.0333097,0.0491844,0.0125982,0.0293198,0.0241128,0.021967,0.0300184,0.206005,0.052113,0.0425204,0.0055177,0.0181291
N1,115,0.0592091,0.00833992,0.054024,0.0508224,0.0161702,0.0475449,0.018143,0.0249522,0.0467325,0.0383123,0.0100808,0.216542,0.025193,0.0294789,0.0365389,0.214472,0.0536679,0.0303023,0.00437464,0.0150987
N1,116,0.251327,0.0112787,0.0332607,0.0455193,0.0177614,0.0482736,0.0127665,0.0308629,0.0389716,0.0456204,0.0120702,0.0302688,0.0299814,0.0283497,0.0324648,0.212192,0.0594263,0.0404251,0.00461103,0.0145695
N1,117,0.074817,0.0100184,0.0336248,0.0427913,0.0179041,0.0390178,0.0130198,0.0313971,0.0399573,0.0457052,0.0122845,0.0359375,0.0276568,0.0257069,0.0327486,0.222646,0.23571,0.0396429,0.00462693,0.0147864
N1,118,0.0855293,0.0090351,0.03792,0.0426334,0.0152157,0.290175,0.0122383,0.0239929,0.0362951,0.0367753,0.00952904,0.0386809,0.0249708,0.0233337,0.0307684,0.196237,0.0394232,0.0298774,0.00437767,0.0129914
N1,119,0.0512134,0.00635899,0.03332,0.0377212,0.0135009,0.548524,0.0106229,0.0209909,0.0315288,0.032464,0.00820847,0.0313544,0.0197939,0.0198646,0.0265869,0.0402015,0.0267913,0.025388,0.0039622,0.0116032
N1,120,0.046919,0.00585982,0.124354,0.224352,0.0142462,0.0375599,0.0183548,0.0220932,0.059862,0.0344296,0.00902845,0.170299,0.022192,0.045057,0.0379884,0.0483747,0.0350812,0.0265742,0.00396555,0.0134087
N1,121,0.188103,0.00978348,0.0518077,0.0542754,0.0170346,0.0594175,0.0176928,0.0279187,0.0475185,0.0418063,0.0114963,0.161056,0.026455,0.0317448,0.0357746,0.106737,0.0557093,0.0357964,0.0044709,0.0154021
N1,122,0.0550573,0.0126711,0.0219012,0.0300878,0.187986,0.024731,0.017047,0.0623066,0.0297346,0.098983,0.0290444,0.0233341,0.0199939,0.0207956,0.0265384,0.0536099,0.157738,0.0688077,0.0103784,0.049254
N1,123,0.185641,0.0163535,0.0245338,0.0339383,0.0870915,0.0309432,0.0247089,0.0437339,0.0312148,0.0747896,0.0187482,0.0252664,0.0220079,0.0234378,0.0288631,0.0533294,0.0376466,0.0554787,0.011782,0.170492
N1,124,0.0284338,0.00643661,0.016234,0.0222529,0.0805858,0.0182278,0.0151194,0.0290052,0.0216357,0.0548094,0.0117349,0.0146939,0.0136247,0.0146285,0.0208007,0.0219134,0.0194524,0.0301899,0.300078,0.260143
N1,125,0.0456802,0.0059035,0.180111,0.0997099,0.0141146,0.0371153,0.0240323,0.0217476,0.0900281,0.0344647,0.00908572,0.0613999,0.023256,0.0483277,0.179231,0.0484608,0.0334551,0.0260474,0.00421952,0.0136097
N1,126,0.0477462,0.00718992,0.0256607,0.0416989,0.0240752,0.0260011,0.015247,0.0438836,0.219873,0.105714,0.0224779,0.026325,0.0214441,0.037232,0.18456,0.0431627,0.0366093,0.0466709,0.00605304,0.0183754
N1,127,0.0644598,0.0158304,0.023913,0.0318009,0.206765,0.0297398,0.0193627,0.0443531,0.0305595,0.0807501,0.019962,0.0265354,0.0222846,0.0218464,0.0278049,0.171184,0.0456406,0.050662,0.0111321,0.0554135
N1,128,0.0404882,0.0063767,0.0320719,0.0461749,0.019079,0.0288282,0.193569,0.0243862,0.076107,0.0405549,0.0103646,0.0362318,0.0214254,0.0494981,0.249946,0.0371912,0.0298838,0.02811,0.00611409,0.0235994
N1,129,0.0353074,0.00720176,0.0239239,0.0314099,0.0552882,0.022868,0.210329,0.0290652,0.0310572,0.0515719,0.0119015,0.0254224,0.0173797,0.0233551,0.0304191,0.0295645,0.024981,0.0315905,0.0133298,0.294034
N1,130,0.0704619,0.00634992,0.0775841,0.212411,0.0136365,0.241729,0.0130439,0.0215856,0.0456936,0.0334969,0.00879141,0.0386758,0.0229951,0.0337064,0.0340722,0.0513342,0.0315829,0.0268372,0.00398865,0.0120241
N1,131,0.0637188,0.00742086,0.0385996,0.0576667,0.0157114,0.038652,0.0162587,0.0253917,0.215081,0.0394613,0.0108318,0.049259,0.0271991,0.0408568,0.0690136,0.179191,0.0562226,0.0309498,0.00441039,0.0141031
N1,132,0.0387592,0.00727005,0.0169125,0.023983,0.032131,0.0192947,0.00870342,0.416445,0.0230914,0.125215,0.0252814,0.0149901,0.0160107,0.0154259,0.0202549,0.0252041,0.028088,0.119173,0.00584566,0.0179215
N1,133,0.0441098,0.00546215,0.0538154,0.254895,0.0138556,0.0306359,0.0147539,0.0220746,0.23584,0.0347192,0.00919266,0.0340542,0.0223292,0.0535791,0.0590224,0.037679,0.031103,0.0264301,0.00394105,0.0125075
N1,134,0.0544352,0.00628649,0.0306395,0.0470144,0.0151435,0.0305277,0.0177373,0.0243109,0.0752531,0.0398307,0.0100217,0.0268534,0.251936,0.0387117,0.199528,0.0492454,0.0349104,0.0296806,0.00450383,0.0134313
N1,135,0.0296738,0.00653307,0.0175476,0.0237084,0.0844672,0.0185311,0.0193861,0.0302891,0.0227518,0.0550736,0.0117721,0.0161775,0.0142771,0.0154715,0.0209179,0.023023,0.0205175,0.0315057,0.0192917,0.519084
N1,136,0.0448297,0.00555492,0.0579311,0.283945,0.0143927,0.030487,0.0166565,0.0226607,0.0613672,0.0360724,0.00952584,0.0317843,0.0227992,0.206701,0.0434741,0.0374318,0.0302196,0.0270405,0.00405835,0.0130684
N1,137,0.0502897,0.00815763,0.0247805,0.039136,0.0248423,0.0267241,0.0176049,0.0447816,0.0769323,0.087701,0.1455,0.0253192,0.0207883,0.0440624,0.210709,0.0381438,0.0403388,0.0474072,0.00710792,0.0196729
N1,138,0.0487783,0.00858559,0.161321,0.0695199,0.0334361,0.0422466,0.0295132,0.0282448,0.0380856,0.050462,0.0131315,0.041485,0.0212032,0.0318883,0.0387743,0.0495225,0.032902,0.0330738,0.179396,0.04843
N1,139,0.084633,0.0133681,0.0243458,0.0341669,0.0293444,0.029491,0.012296,0.148891,0.0336462,0.10124,0.0257369,0.0274177,0.0242626,0.0230927,0.0289585,0.143929,0.0917417,0.0987532,0.00575259,0.0189322
N1,140,0.0772324,0.0104161,0.0364309,0.0439564,0.0168946,0.0465422,0.0133004,0.0271597,0.0391306,0.0411066,0.0106978,0.0376908,0.0298447,0.0255215,0.0327445,0.398557,0.0600236,0.0337459,0.00452101,0.0144826
N1,141,0.0469233,0.0058583,0.124384,0.224379,0.0142236,0.0375756,0.0183448,0.0220805,0.0598731,0.0344044,0.00902358,0.170316,0.0221963,0.0450595,0.0379923,0.0483823,0.0350842,0.0265629,0.00395811,0.0133783
N1,142,0.0754717,0.0120068,0.0367128,0.0444162,0.0238327,0.0354288,0.0174827,0.0650538,0.0439365,0.0660831,0.0194606,0.145356,0.0227757,0.0286689,0.0334905,0.0600727,0.0800842,0.164683,0.00525533,0.0197279
N1,143,0.0422027,0.00806254,0.0174238,0.0248709,0.0364591,0.0200072,0.00915824,0.129719,0.0239641,0.287844,0.0307913,0.015452,0.0169216,0.0163637,0.0211781,0.0262763,0.0290023,0.218898,0.00634955,0.0190559
N1,144,0.0296809,0.00653613,0.0175302,0.0236894,0.0847294,0.0185221,0.0193516,0.0303605,0.0227351,0.0552181,0.011796,0.0161628,0.014275,0.0154614,0.020901,0.0230179,0.0205222,0.031567,0.0192758,0.518667
N1,145,0.0445539,0.00642317,0.0647704,0.0531732,0.0152343,0.0409219,0.0204049,0.0227868,0.0474746,0.0354621,0.00917108,0.42222,0.0212317,0.028778,0.0362412,0.0495301,0.0354714,0.0270765,0.00418331,0.0148916
N1,146,0.10505,0.145435,0.0268462,0.0358129,0.0206512,0.0346195,0.0134369,0.0320514,0.0327129,0.051444,0.0123066,0.0243237,0.210357,0.0225056,0.0304074,0.0877481,0.0451629,0.046999,0.00523811,0.0168923
N1,147,0.170444,0.00714683,0.0638731,0.234681,0.0151585,0.0558255,0.0136624,0.0252239,0.0489284,0.0385515,0.0103008,0.0351958,0.0274707,0.0401008,0.0354414,0.0858858,0.0419066,0.0328077,0.00415637,0.0132387
N1,148,0.0952742,0.0120559,0.0263488,0.0358205,0.0308005,0.195704,0.0136687,0.0475411,0.0340276,0.196666,0.0271804,0.0273216,0.0227898,0.0256924,0.0317683,0.0522079,0.0386043,0.0603785,0.00753312,0.0186162
N1,149,0.0737069,0.00701106,0.0455769,0.0678468,0.0149461,0.235011,0.0189434,0.0233018,0.0540145,0.0371416,0.0102955,0.0442961,0.0239933,0.157292,0.0462782,0.0592931,0.0344124,0.0287772,0.00451758,0.0133449
N1,150,0.0661054,0.00689857,0.0610936,0.226174,0.0156816,0.0340544,0.0142397,0.0274062,0.055938,0.0408197,0.011444,0.0381277,0.0258038,0.0437909,0.0372151,0.0634583,0.178249,0.0356623,0.00421055,0.0136277
N1,151,0.069898,0.205828,0.0205548,0.0285849,0.0304085,0.0265499,0.0103572,0.0703257,0.0269885,0.0823718,0.0192544,0.0189991,0.0192157,0.0179887,0.0241345,0.038919,0.0400832,0.223407,0.00623173,0.0198996
N1,152,0.0853311,0.00897749,0.0377739,0.0423816,0.0150475,0.295482,0.0121506,0.0237336,0.0360414,0.036372,0.00943628,0.0385414,0.0247601,0.0231664,0.0305573,0.19441,0.0390488,0.0295966,0.00433741,0.0128539
N1,153,0.0886355,0.0121269,0.0416304,0.0506893,0.0223325,0.0519899,0.0160821,0.0342164,0.0459198,0.0527293,0.0137847,0.042442,0.0347597,0.0305428,0.0390666,0.291579,0.0639408,0.0426087,0.00599794,0.0189256
N1,154,0.060057,0.00972294,0.0231313,0.0336391,0.0354023,0.0268035,0.0115526,0.251743,0.0321464,0.119738,0.0264455,0.0208098,0.0226551,0.0214273,0.0278727,0.0350396,0.0403493,0.173186,0.00697747,0.021301
N1,155,0.0675502,0.00638089,0.0476864,0.154529,0.0148689,0.0327999,0.0129315,0.0247317,0.0429855,0.0385355,0.00965298,0.0270585,0.275639,0.0342817,0.0324482,0.0908854,0.0378408,0.0325856,0.00400782,0.0126007
N1,156,0.0735082,0.0070065,0.0455304,0.0678016,0.0149553,0.232392,0.0189319,0.0233144,0.0540061,0.0371641,0.0102965,0.0441862,0.0239872,0.160469,0.0462636,0.0591387,0.0343931,0.0287834,0.00451827,0.0133531
N1,157,0.0505214,0.00763717,0.0250724,0.0427675,0.0295518,0.0248042,0.0186166,0.0519575,0.0433478,0.25593,0.0360837,0.0231099,0.0220068,0.174441,0.040239,0.0356852,0.0359498,0.0542649,0.00667253,0.0213408
N1,158,0.0487407,0.0111461,0.0310579,0.0357729,0.177634,0.0310944,0.039206,0.0409293,0.0355175,0.0720682,0.01951,0.147924,0.019626,0.0252171,0.0309751,0.0551748,0.0394753,0.0434907,0.010237,0.0852035
N1,159,0.067107,0.177569,0.0386398,0.041554,0.0210705,0.0447848,0.0202241,0.0305336,0.039209,0.0463472,0.012404,0.173422,0.0217866,0.0255362,0.03497,0.0891302,0.0501752,0.038678,0.0054157,0.0214432
N1,160,0.0407982,0.00879823,0.0253838,0.0366394,0.0425936,0.0251544,0.0574727,0.0308366,0.0568437,0.0557775,0.0138962,0.0292639,0.0190567,0.0333694,0.200059,0.0361705,0.0297649,0.0341128,0.0155368,0.208472
N1,161,0.0578281,0.00745112,0.0341269,0.105877,0.0255845,0.0280236,0.0153223,0.0438913,0.14573,0.0769144,0.143337,0.0283737,0.0217528,0.0528758,0.0490864,0.0401176,0.0445787,0.0494383,0.00594448,0.0237452
N1,162,0.0387728,0.00503569,0.0229175,0.0311154,0.0133255,0.0239982,0.00906277,0.0213563,0.0272336,0.0336402,0.00807256,0.0176765,0.612682,0.0177403,0.0230997,0.0305627,0.0238636,0.0253099,0.0035979,0.0109363
N1,163,0.0480071,0.00837525,0.0229352,0.035819,0.0290251,0.0249075,0.0178422,0.0516502,0.0596139,0.238082,0.0290472,0.0226631,0.0212031,0.037223,0.200641,0.0354339,0.0353832,0.0527205,0.00791696,0.0215105
N1,164,0.0451791,0.00612558,0.0490866,0.0606499,0.014962,0.0357191,0.0204024,0.0232066,0.238772,0.036352,0.00972046,0.200557,0.0219904,0.0409932,0.0650149,0.0479613,0.0373893,0.0275202,0.00421802,0.0141801
N1,165,0.0863437,0.216502,0.0281797,0.0361063,0.0215266,0.040894,0.0129193,0.032675,0.0333159,0.0491698,0.0125953,0.0293299,0.0241143,0.0219703,0.0300242,0.206061,0.0521233,0.0425023,0.00551746,0.0181297
N1,166,0.0296683,0.00653077,0.01756,0.0237218,0.0842627,0.0185372,0.0194123,0.0302364,0.0227637,0.0549657,0.0117543,0.0161881,0.0142784,0.0154787,0.02093,0.0230265,0.0205139,0.0314606,0.0193032,0.519408
N1,167,0.140978,0.0133162,0.0280681,0.0376809,0.0213035,0.209183,0.0114757,0.0459997,0.0330878,0.0592943,0.0162059,0.0271533,0.0227539,0.0219392,0.0284733,0.0538502,0.0451525,0.16326,0.00541056,0.0154149
N1,168,0.0459076,0.0106553,0.0228306,0.0337692,0.168588,0.0253461,0.0343753,0.0423354,0.0506887,0.0953778,0.0232392,0.0246295,0.0197475,0.0300049,0.167142,0.0391507,0.0329472,0.0447055,0.0177085,0.0708517
N1,169,0.0748893,0.0100327,0.033563,0.0426674,0.0178051,0.0382273,0.0130019,0.0311474,0.0398413,0.0453806,0.012204,0.035984,0.0276882,0.0256552,0.0326599,0.227349,0.233215,0.039361,0.00459713,0.0147313
N1,170,0.0601175,0.00664249,0.0554414,0.0520625,0.0152269,0.0385627,0.0210024,0.0240542,0.0488057,0.0377704,0.00965605,0.15328,0.2339,0.0328321,0.0361453,0.0824099,0.0444858,0.0296098,0.00409472,0.0139005
N1,171,0.0571717,0.00810912,0.0478449,0.0496247,0.0170351,0.0387232,0.017639,0.0283921,0.0489799,0.04196,0.0115616,0.199918,0.0238436,0.0299629,0.0364503,0.0863391,0.201998,0.0346003,0.00445695,0.0153889
N1,172,0.180721,0.0119146,0.0325459,0.0426829,0.0184966,0.0468709,0.0124556,0.0336951,0.0373126,0.0478119,0.0125633,0.0309459,0.0296407,0.0249108,0.0311822,0.270678,0.0649449,0.051057,0.00468818,0.0148818
N1,173,0.0576956,0.00714086,0.0545489,0.0475216,0.0144519,0.288171,0.0152076,0.0221485,0.0407342,0.0342725,0.00891312,0.190269,0.0215164,0.0252494,0.0327969,0.0614043,0.0336797,0.0270202,0.00417713,0.0130807
N1,174,0.0879368,0.00934199,0.162743,0.0898448,0.020526,0.0359387,0.0148017,0.0466139,0.0398659,0.0576448,0.0157404,0.042875,0.0256052,0.0300397,0.0305555,0.05376,0.0604081,0.153941,0.00483948,0.0169786
N1,175,0.0680063,0.0135249,0.0324777,0.0371402,0.0487362,0.200682,0.0362893,0.0298668,0.034056,0.0507974,0.0131014,0.0435456,0.0201787,0.0244573,0.033115,0.0574961,0.0323177,0.0360391,0.0152985,0.172874
N1,176,0.0284432,0.00644019,0.0162151,0.0222314,0.0809316,0.0182172,0.0150846,0.029094,0.0216163,0.0550077,0.0117675,0.0146781,0.0136226,0.0146167,0.0207789,0.0219076,0.0194583,0.0302661,0.299959,0.259663
N1,177,0.043329,0.00580062,0.0385768,0.0738346,0.0157377,0.0290612,0.0211648,0.0243734,0.0633077,0.0399278,0.0106608,0.0300948,0.022832,0.413376,0.0530922,0.0368524,0.0305545,0.0285059,0.00446177,0.0144556
N1,178,0.0387728,0.00503569,0.0229175,0.0311154,0.0133255,0.0239982,0.00906277,0.0213563,0.0272336,0.0336402,0.00807256,0.0176765,0.612682,0.0177403,0.0230997,0.0305627,0.0238636,0.0253099,0.0035979,0.0109363
N1,179,0.0383612,0.00917439,0.0189287,0.0264549,0.114984,0.0204714,0.0198382,0.0540985,0.0266011,0.113536,0.140924,0.0187718,0.0161565,0.0199024,0.0247395,0.028232,0.0280992,0.0506266,0.0158622,0.214237
N1,180,0.0615596,0.00862381,0.0344192,0.049377,0.0163216,0.0389798,0.0194062,0.0256553,0.0828518,0.0406168,0.0109186,0.040248,0.0267419,0.0403083,0.2212,0.182223,0.0494607,0.0310768,0.00494628,0.0150648
N1,181,0.238444,0.0122805,0.0232562,0.033855,0.0239725,0.0315687,0.0104897,0.0669225,0.0303156,0.0751455,0.018966,0.0205786,0.0237954,0.0205497,0.0258459,0.0436702,0.0465075,0.232287,0.0052418,0.0163072
N1,182,0.0475646,0.00852212,0.0185147,0.0266134,0.0335125,0.0213168,0.0095194,0.125207,0.0258971,0.140974,0.158061,0.0165457,0.017417,0.017751,0.0225703,0.0284466,0.0347473,0.222006,0.00619027,0.0186222
N1,183,0.238444,0.0122805,0.0232562,0.033855,0.0239725,0.0315687,0.0104897,0.0669225,0.0303156,0.0751455,0.018966,0.0205786,0.0237954,0.0205497,0.0258459,0.0436702,0.0465075,0.232287,0.0052418,0.0163072
N1,184,0.0374704,0.00718266,0.0167217,0.0237661,0.0383882,0.01898,0.00892809,0.235467,0.0230652,0.318022,0.0326834,0.0148391,0.0159716,0.0156558,0.0204313,0.0247135,0.0266556,0.0951311,0.00648151,0.019446
N1,185,0.0749158,0.0100357,0.03356,0.0426637,0.0177998,0.0382368,0.0129954,0.0311456,0.0398356,0.0453805,0.012203,0.0359746,0.0276951,0.0256525,0.0326566,0.227686,0.232889,0.0393586,0.00459522,0.0147207
N1,186,0.0340843,0.00748865,0.0163101,0.0228664,0.251862,0.0183941,0.0108,0.0656255,0.0221819,0.299657,0.027611,0.0147217,0.0151515,0.0152806,0.0200412,0.0238574,0.023547,0.0564823,0.0118017,0.0422349
N1,187,0.044115,0.00546178,0.0538698,0.255328,0.0138539,0.030639,0.0147513,0.0220721,0.235429,0.0347144,0.00919112,0.0340486,0.0223302,0.0535837,0.0589592,0.0376785,0.0310995,0.0264286,0.00394031,0.012506
N1,188,0.0600736,0.00777254,0.0222294,0.0325497,0.0279427,0.0244978,0.0122771,0.0516937,0.031307,0.233244,0.021403,0.0193834,0.244973,0.0240874,0.0278402,0.0393628,0.0360531,0.0598289,0.00581841,0.0176627
N1,189,0.0574798,0.00982178,0.021782,0.0313569,0.0320915,0.0244598,0.0118922,0.0837286,0.0318229,0.238947,0.0402165,0.0212515,0.0214243,0.0231707,0.0277908,0.0434287,0.16608,0.087473,0.00625306,0.0195283
N1,190,0.0446478,0.00652105,0.0434883,0.0537234,0.0153883,0.0363338,0.0291412,0.0233611,0.106275,0.0370547,0.00987416,0.177689,0.0218067,0.0434571,0.216877,0.0503678,0.0365383,0.0275761,0.00459434,0.0152856
N1,191,0.232787,0.0108836,0.0305146,0.0423571,0.0185477,0.0399735,0.0120209,0.0362802,0.037845,0.0501537,0.0140381,0.028465,0.0280899,0.0250689,0.0308826,0.0874913,0.203037,0.0522728,0.00464935,0.014642
N1,192,0.0751874,0.00743858,0.0324797,0.0418528,0.0155791,0.0356774,0.0124986,0.0253862,0.0366622,0.0395672,0.00988494,0.0273793,0.300678,0.0249574,0.0306294,0.189914,0.0452421,0.0317767,0.00416046,0.0130487
N1,193,0.440306,0.010865,0.0293133,0.0412412,0.0181044,0.0492709,0.0112361,0.0333793,0.0343618,0.0480657,0.0123862,0.0246713,0.0291335,0.0231104,0.0287788,0.0593543,0.0419492,0.0456603,0.00459957,0.0142127
N1,194,0.0617039,0.00884118,0.0299563,0.0399303,0.0185261,0.0318637,0.012175,0.0362956,0.0384434,0.0499623,0.0136131,0.0297986,0.0247718,0.0242201,0.0312755,0.0661883,0.417626,0.0454586,0.00462632,0.0147238
N1,195,0.0480521,0.00870767,0.0183966,0.026198,0.0283047,0.0215471,0.00902734,0.115597,0.0247101,0.0997946,0.0212909,0.0162063,0.0177554,0.0164632,0.0214827,0.0283683,0.0324821,0.423098,0.00553549,0.0169824
