Ancestral Node,Pos,A,C,D,E,F,G,H,I,K,L,M,N,P,Q,R,S,T,V,W,Y
N1,1,0.0415772,0.00546556,0.285492,0.0769623,0.0126913,0.0389097,0.0170012,0.0194061,0.0427968,0.0301493,0.00786942,0.225157,0.0203919,0.0289092,0.0316022,0.0454006,0.0310286,0.0234133,0.00351062,0.0122651
N1,2,0.0412271,0.00771821,0.0160497,0.022971,0.0297782,0.0186722,0.00825473,0.273728,0.0220865,0.115471,0.0239815,0.014406,0.0156126,0.0148407,0.0193053,0.0251407,0.0295836,0.279158,0.00536988,0.0166449
N1,3,0.0755166,0.0099864,0.0327669,0.0414286,0.0167052,0.0374934,0.0126104,0.0298166,0.0388345,0.0429976,0.0117583,0.0360136,0.0270375,0.0250612,0.0316699,0.233888,0.240115,0.0381836,0.00426235,0.0138543
N1,4,0.191457,0.00971825,0.0520294,0.053671,0.0159456,0.0599652,0.0176049,0.0264672,0.0469795,0.0393426,0.0110306,0.16398,0.0257281,0.0316287,0.0349938,0.109883,0.0563548,0.0344685,0.00414333,0.014609
N1,5,0.062737,0.00745352,0.0363251,0.186927,0.025426,0.0260121,0.0152873,0.0506264,0.0464396,0.208547,0.0285528,0.025356,0.0232126,0.0578112,0.0352579,0.0389255,0.0395826,0.0610669,0.00573598,0.0187176
N1,6,0.0485186,0.520535,0.0201681,0.0269743,0.0227209,0.0277738,0.00985801,0.0328588,0.0252224,0.0498172,0.0117247,0.0185138,0.0175263,0.0164884,0.0225863,0.0358523,0.0291195,0.0399033,0.00575976,0.018079
N1,7,0.036883,0.00466576,0.0214355,0.0291352,0.012047,0.0223639,0.00843529,0.0195132,0.0254229,0.0307056,0.00739634,0.0164962,0.639319,0.016633,0.021515,0.0291142,0.0224705,0.0233118,0.00323253,0.0099042
N1,8,0.0283545,0.00656243,0.0142229,0.0196982,0.510221,0.0160042,0.0111044,0.0411661,0.0190476,0.0844376,0.0158818,0.0130377,0.012784,0.0130334,0.017295,0.0205831,0.0195338,0.0393846,0.0165018,0.0811461
N1,9,0.0739977,0.00675888,0.0455683,0.0682623,0.013764,0.241653,0.0190067,0.0215954,0.053984,0.0344592,0.00976633,0.0450986,0.0230983,0.1597,0.0461913,0.0596887,0.0337372,0.0270135,0.00419897,0.0124571
N1,10,0.0743595,0.00684472,0.0762512,0.230286,0.0138821,0.0405372,0.0145973,0.0225663,0.0523355,0.0347409,0.00938553,0.0426472,0.0273104,0.0447888,0.0369078,0.178609,0.0490757,0.0284662,0.00382543,0.0125828
N1,11,0.0406445,0.00786175,0.0158504,0.0228067,0.0363498,0.0183425,0.00855925,0.133902,0.0221565,0.296242,0.0315019,0.0142639,0.0157142,0.0152863,0.0196308,0.0247113,0.0279696,0.223809,0.0060684,0.0183291
N1,12,0.0345439,0.0079201,0.0150044,0.0211405,0.234577,0.0171409,0.0100587,0.209118,0.0206196,0.158144,0.0289039,0.013909,0.014104,0.0141893,0.0185578,0.0232301,0.0245432,0.0845371,0.0100223,0.0397367
N1,13,0.0430264,0.00613363,0.0660738,0.0524813,0.0140424,0.0402899,0.0205338,0.0210239,0.0469007,0.0326229,0.00855646,0.43714,0.0201403,0.0283418,0.0354116,0.0493563,0.0348353,0.0251817,0.00383822,0.0140696
N1,14,0.24397,0.0123493,0.0218108,0.0320638,0.0232778,0.0303321,0.00993041,0.0683846,0.0286913,0.0749201,0.018989,0.019561,0.0228442,0.01961,0.0244185,0.0430424,0.0465328,0.238817,0.00493836,0.0155167
N1,15,0.0616582,0.00872875,0.0291191,0.0386909,0.0173752,0.0310418,0.0117663,0.0349895,0.0374333,0.0474775,0.0131745,0.029592,0.0240649,0.0235935,0.0302671,0.0680053,0.430549,0.0443687,0.00428258,0.0138223
N1,16,0.0664093,0.00907944,0.0345982,0.0422115,0.0166773,0.035608,0.0132346,0.0305352,0.0401118,0.0433106,0.011959,0.0458621,0.0251673,0.0253848,0.0320551,0.110878,0.35992,0.0387947,0.0042309,0.0139721
N1,17,0.0345439,0.0079201,0.0150044,0.0211405,0.234577,0.0171409,0.0100587,0.209118,0.0206196,0.158144,0.0289039,0.013909,0.014104,0.0141893,0.0185578,0.0232301,0.0245432,0.0845371,0.0100223,0.0397367
N1,18,0.0368831,0.00466576,0.0214355,0.0291352,0.012047,0.0223639,0.0084353,0.0195132,0.0254229,0.0307057,0.00739635,0.0164962,0.639318,0.016633,0.021515,0.0291142,0.0224705,0.0233119,0.00323254,0.00990422
N1,19,0.0780545,0.0104023,0.0358088,0.0427738,0.01577,0.0463409,0.0129354,0.0256056,0.0380602,0.038515,0.0101641,0.037858,0.0293194,0.0249134,0.0317505,0.410536,0.0611608,0.0322255,0.00418911,0.0136165
N1,20,0.0862171,0.00837165,0.0225615,0.0334538,0.0205809,0.0255222,0.0105809,0.0550113,0.0302916,0.0700916,0.0156002,0.0193214,0.258415,0.0212094,0.0256261,0.0438465,0.0456936,0.188715,0.00454054,0.0143501
N1,21,0.187967,0.0169124,0.0245617,0.0338004,0.0646345,0.0305513,0.0281796,0.0389986,0.0310061,0.0657499,0.0168656,0.0263586,0.0212821,0.0239178,0.0290925,0.0551953,0.0374383,0.0501682,0.0123236,0.204996
N1,22,0.190333,0.0158383,0.0204398,0.0287692,0.202515,0.0286096,0.0152168,0.0536963,0.026862,0.0976963,0.0242247,0.0199598,0.0206556,0.019528,0.0242501,0.0478989,0.0361045,0.0699671,0.0105697,0.0468649
N1,23,0.0221535,0.0044851,0.0127244,0.0175248,0.0319627,0.0146561,0.00809916,0.0220336,0.0169515,0.0398662,0.00859415,0.0111031,0.0108574,0.0111442,0.0159169,0.0168197,0.0150581,0.0231579,0.665798,0.0310934
N1,24,0.0439853,0.00536221,0.0494096,0.219306,0.0130266,0.0300563,0.0178701,0.0206448,0.120087,0.0329139,0.00886799,0.0328361,0.0216044,0.0685715,0.205401,0.0384108,0.0304312,0.0249757,0.0039512,0.0122883
N1,25,0.0361508,0.00532044,0.02694,0.0419696,0.0136989,0.0259434,0.0161212,0.0209963,0.0973796,0.0339371,0.00880211,0.0250161,0.0190891,0.0343188,0.494736,0.0315535,0.0262608,0.0245019,0.00445557,0.0128085
N1,26,0.045695,0.0082832,0.0251374,0.036267,0.0443358,0.0243609,0.169051,0.0448023,0.0552821,0.120223,0.111348,0.0318884,0.0196144,0.048129,0.0456932,0.0364586,0.0366834,0.0456773,0.00839475,0.042676
N1,27,0.0391564,0.00865853,0.0241669,0.0351448,0.0429288,0.0237224,0.0599264,0.0294105,0.0570566,0.0539025,0.0135308,0.0288912,0.0179494,0.0333331,0.205048,0.0352001,0.0287983,0.0325272,0.0158237,0.214824
N1,28,0.0412271,0.00771821,0.0160497,0.022971,0.0297782,0.0186722,0.00825473,0.273728,0.0220865,0.115471,0.0239815,0.014406,0.0156126,0.0148407,0.0193053,0.0251407,0.0295836,0.279158,0.00536988,0.0166449
N1,29,0.0611761,0.00848064,0.033552,0.0484456,0.0152217,0.0381296,0.0194133,0.0241653,0.0846463,0.0382198,0.0104556,0.0404545,0.0259717,0.0406285,0.227086,0.185324,0.0501697,0.0295518,0.00464827,0.0142591
N1,30,0.0429641,0.0061075,0.0673831,0.0531028,0.0139638,0.0402367,0.0204501,0.0209307,0.0468093,0.0324739,0.00852167,0.43638,0.0201498,0.0283646,0.0353007,0.0492428,0.0347284,0.0250843,0.00381734,0.0139883
N1,31,0.0485186,0.520535,0.0201681,0.0269743,0.0227209,0.0277738,0.00985801,0.0328588,0.0252224,0.0498172,0.0117247,0.0185138,0.0175263,0.0164884,0.0225863,0.0358523,0.0291195,0.0399033,0.00575976,0.018079
N1,32,0.0759919,0.0120657,0.0361725,0.0433438,0.0230684,0.0345904,0.0174042,0.0656986,0.0432437,0.0649067,0.0194512,0.147893,0.0218538,0.0282925,0.0326049,0.0606711,0.0821202,0.166522,0.00494953,0.0191554
N1,33,0.187797,0.0169101,0.0245572,0.0337916,0.0646753,0.0305368,0.0281932,0.0389948,0.031001,0.0657527,0.0168643,0.0263584,0.0212744,0.0239145,0.0290907,0.0551748,0.0374257,0.0501531,0.0123309,0.205203
N1,34,0.0377028,0.00484826,0.498958,0.0973507,0.0115872,0.0336627,0.0124762,0.0179564,0.0365947,0.0279316,0.00720679,0.0436905,0.0197407,0.0259751,0.0276769,0.0352299,0.0258255,0.0216262,0.00322461,0.0107358
N1,35,0.0366788,0.00934527,0.0165251,0.023173,0.11875,0.0181132,0.0159956,0.178842,0.0230084,0.118715,0.0254337,0.0165862,0.0147368,0.0162673,0.0212801,0.0256719,0.0273928,0.0776329,0.0130707,0.202781
N1,36,0.0789074,0.010427,0.0356428,0.0426776,0.0158236,0.046403,0.0128925,0.0257701,0.037943,0.0387305,0.0102111,0.0376467,0.0293158,0.0248616,0.0316537,0.409806,0.0610246,0.0324442,0.00419536,0.0136236
N1,37,0.0469014,0.00855353,0.0168584,0.0241863,0.0276409,0.0199511,0.00841445,0.119744,0.0229253,0.100422,0.0213483,0.0150509,0.01658,0.0153743,0.0199331,0.0269261,0.0317004,0.436148,0.0052087,0.0161326
N1,38,0.0320641,0.00725073,0.0147228,0.0207485,0.260365,0.0166955,0.0102951,0.0661682,0.0203132,0.308161,0.0280649,0.0135201,0.0138821,0.0141586,0.018456,0.0221899,0.0222057,0.0560804,0.01179,0.0428681
N1,39,0.0517837,0.0128227,0.0245913,0.0324054,0.0604467,0.0244922,0.0324843,0.0417862,0.0331139,0.0660882,0.0184215,0.0333058,0.0192978,0.0242527,0.0305432,0.0585944,0.167927,0.0484994,0.0117088,0.207435
N1,40,0.0415772,0.00546556,0.285492,0.0769623,0.0126913,0.0389097,0.0170012,0.0194061,0.0427968,0.0301493,0.00786942,0.225157,0.0203919,0.0289092,0.0316022,0.0454006,0.0310286,0.0234133,0.00351062,0.0122651
N1,41,0.058844,0.00820515,0.0545844,0.0499397,0.0150478,0.0475322,0.0180848,0.0233361,0.0456565,0.0356547,0.00952769,0.223405,0.0244192,0.0290248,0.0355037,0.219887,0.0543619,0.0286424,0.0040426,0.0143011
N1,42,0.262105,0.0117412,0.0322024,0.042453,0.0165977,0.0506034,0.0119295,0.0291015,0.0362168,0.0425642,0.0113565,0.0299965,0.0301404,0.0244733,0.0300961,0.220895,0.0607804,0.0388882,0.00426083,0.0135978
N1,43,0.188356,0.0122836,0.0386819,0.0502217,0.0217872,0.0522514,0.0149951,0.0355341,0.0438407,0.0536548,0.0142611,0.0373183,0.034432,0.0295649,0.0370171,0.205321,0.058891,0.0478474,0.00573681,0.0180038
N1,44,0.059671,0.0068395,0.239065,0.0803633,0.0134636,0.0464087,0.014923,0.0212614,0.0414169,0.0326453,0.0086338,0.0693679,0.0259656,0.029715,0.0315412,0.191994,0.044205,0.0263551,0.00368257,0.0124827
N1,45,0.0402078,0.00994516,0.0157604,0.0222335,0.221137,0.0183176,0.010562,0.105408,0.0214892,0.139974,0.0267143,0.014654,0.0150244,0.0148516,0.0193144,0.0253345,0.0270487,0.201914,0.00998195,0.0401284
N1,46,0.0575538,0.0151053,0.0275734,0.0340241,0.0582638,0.0293427,0.0365674,0.0327866,0.0330148,0.0560064,0.0141018,0.0384992,0.0212096,0.0247619,0.031519,0.174405,0.043806,0.0380381,0.0121311,0.22129
N1,47,0.0755166,0.0099864,0.0327669,0.0414286,0.0167052,0.0374934,0.0126104,0.0298166,0.0388345,0.0429976,0.0117583,0.0360136,0.0270375,0.0250612,0.0316699,0.233888,0.240115,0.0381836,0.00426235,0.0138543
N1,48,0.0320659,0.00725022,0.0147228,0.0207492,0.260171,0.0166954,0.0102933,0.0661828,0.0203142,0.308347,0.028071,0.0135198,0.0138829,0.0141594,0.0184568,0.0221899,0.0222072,0.0560905,0.0117866,0.0428438
N1,49,0.0413563,0.0053557,0.0358138,0.0720108,0.0138118,0.0277916,0.0188102,0.0219288,0.258117,0.0354461,0.00986584,0.0327773,0.021397,0.209131,0.0862848,0.0365338,0.0308689,0.0259249,0.00397094,0.0128038
N1,50,0.0485186,0.520535,0.0201681,0.0269743,0.0227209,0.0277738,0.00985801,0.0328588,0.0252224,0.0498172,0.0117247,0.0185138,0.0175263,0.0164884,0.0225863,0.0358523,0.0291195,0.0399033,0.00575976,0.018079
N1,51,0.0273901,0.00623287,0.0160045,0.021607,0.0870213,0.0168235,0.0194448,0.0285917,0.0208889,0.0526507,0.011188,0.0150473,0.0129591,0.0143424,0.0193569,0.0212963,0.0189953,0.0295658,0.01966,0.540934
N1,52,0.0493697,0.00593386,0.0291029,0.0337607,0.0119333,0.595686,0.00925623,0.0187748,0.0279913,0.0289026,0.00735475,0.0243392,0.0181716,0.0177026,0.0237439,0.0369982,0.0242888,0.0229517,0.00354931,0.0101886
N1,53,0.0469014,0.00855353,0.0168584,0.0241863,0.0276409,0.0199511,0.00841445,0.119744,0.0229253,0.100422,0.0213483,0.0150509,0.01658,0.0153743,0.0199331,0.0269261,0.0317004,0.436148,0.0052087,0.0161326
N1,54,0.262929,0.011778,0.0323611,0.0425534,0.0165326,0.0511848,0.0119507,0.0287572,0.0362144,0.042223,0.0112401,0.0301088,0.0302929,0.0244881,0.0301223,0.224371,0.0567562,0.0382992,0.00425539,0.0135817
N1,55,0.0368866,0.00466623,0.0214366,0.0291367,0.012048,0.0223662,0.00843576,0.019515,0.0254241,0.0307084,0.007397,0.0164973,0.639292,0.0166339,0.0215161,0.0291162,0.0224722,0.0233141,0.0032328,0.00990499
N1,56,0.0755166,0.0099864,0.0327669,0.0414286,0.0167052,0.0374934,0.0126104,0.0298166,0.0388345,0.0429975,0.0117583,0.0360136,0.0270376,0.0250612,0.0316699,0.233888,0.240115,0.0381836,0.00426234,0.0138543
N1,57,0.0635428,0.00720745,0.0380885,0.0573344,0.0145427,0.0379407,0.0160804,0.023776,0.220018,0.0368414,0.0103208,0.0500859,0.0265147,0.0412139,0.0703146,0.182617,0.0569548,0.0292993,0.00407809,0.0132286
N1,58,0.0333964,0.00656631,0.0149053,0.0213358,0.0423126,0.0169124,0.00847343,0.0784676,0.0209939,0.525978,0.031447,0.0133793,0.0145477,0.0145999,0.0188409,0.0222962,0.0233406,0.0651504,0.00692812,0.0201274
N1,59,0.19144,0.00972201,0.0520743,0.0536376,0.0159386,0.0600297,0.0176018,0.0264541,0.046951,0.0393134,0.0110227,0.164108,0.0257192,0.0314992,0.0349614,0.109949,0.0563761,0.0344553,0.0041408,0.0146056
N1,60,0.0377028,0.00484826,0.498958,0.0973507,0.0115872,0.0336627,0.0124762,0.0179564,0.0365947,0.0279316,0.00720679,0.0436905,0.0197407,0.0259751,0.0276769,0.0352299,0.0258255,0.0216262,0.00322461,0.0107358
N1,61,0.0362134,0.00694518,0.0158527,0.0228314,0.0408709,0.0179777,0.0089499,0.0837422,0.0227808,0.347758,0.185178,0.0143385,0.0151094,0.016193,0.0203396,0.0239994,0.0259523,0.0681958,0.00685797,0.0199133
N1,62,0.0485186,0.520535,0.0201681,0.0269743,0.0227209,0.0277738,0.00985801,0.0328588,0.0252224,0.0498172,0.0117247,0.0185138,0.0175263,0.0164884,0.0225863,0.0358523,0.0291195,0.0399033,0.00575976,0.018079
N1,63,0.0267956,0.00639925,0.0139382,0.0193339,0.25295,0.0162346,0.0113581,0.0325258,0.0189608,0.0686558,0.0137424,0.0127194,0.0122883,0.0129057,0.0180872,0.019983,0.0182696,0.0325176,0.304332,0.0880028
N1,64,0.0743818,0.00681611,0.0770608,0.232117,0.0137837,0.040622,0.0144606,0.0224426,0.0521722,0.0345052,0.00932201,0.0426585,0.0272835,0.0438481,0.0366096,0.178299,0.0489755,0.0283497,0.00379701,0.0124954
N1,65,0.0728378,0.00674338,0.0798344,0.232143,0.0137334,0.0404161,0.0146696,0.0223101,0.0525945,0.0343211,0.00926708,0.048608,0.0269429,0.0439464,0.0366547,0.172394,0.0481763,0.0281309,0.00378529,0.0124915
N1,66,0.244727,0.0123756,0.0219321,0.0322263,0.0231474,0.0305333,0.00995841,0.0677968,0.0288105,0.0743956,0.0189137,0.0196523,0.0229579,0.0196862,0.0245122,0.0432417,0.0466542,0.238081,0.00492231,0.0154761
N1,67,0.0333052,0.00695412,0.0226304,0.0295961,0.0564324,0.0213004,0.217568,0.0274813,0.0295594,0.049331,0.0113892,0.0248079,0.0161726,0.0226589,0.0293396,0.0281669,0.0236974,0.0298044,0.0134383,0.306366
N1,68,0.182548,0.0112457,0.0205817,0.0302062,0.0263949,0.0271961,0.00999588,0.175409,0.0282422,0.095807,0.0265043,0.0190507,0.0214101,0.0194189,0.0241673,0.0401137,0.0479309,0.172101,0.00519203,0.0164842
N1,69,0.0377028,0.00484826,0.498958,0.0973507,0.0115872,0.0336627,0.0124762,0.0179564,0.0365947,0.0279316,0.00720679,0.0436905,0.0197407,0.0259751,0.0276769,0.0352299,0.0258255,0.0216262,0.00322461,0.0107358
N1,70,0.0277307,0.0062944,0.0162184,0.0218654,0.0862874,0.0170644,0.0195172,0.0286125,0.0211164,0.0525708,0.0112028,0.0152664,0.0131183,0.0144953,0.0195528,0.0216817,0.019237,0.0296563,0.0194324,0.539079
N1,71,0.0348067,0.00786011,0.0156848,0.0221351,0.249785,0.0178113,0.0112312,0.0675875,0.0218971,0.161562,0.162421,0.0146463,0.0143775,0.0154464,0.0198394,0.0241635,0.0246759,0.0575967,0.0119053,0.044567
N1,72,0.0702576,0.00835368,0.0258168,0.0467185,0.0206858,0.0270324,0.0134692,0.0629783,0.191558,0.07002,0.0217957,0.0268764,0.0224386,0.0342519,0.0567659,0.0417308,0.0580258,0.180224,0.00494143,0.0160586
N1,73,0.0412184,0.00771713,0.0160447,0.0229647,0.0297857,0.0186661,0.00825401,0.273876,0.0220821,0.115498,0.0239859,0.0144028,0.0156085,0.0148382,0.0193019,0.0251357,0.0295798,0.27902,0.00537116,0.0166481
N1,74,0.0635422,0.00720767,0.0380866,0.0573318,0.0145433,0.0379404,0.0160811,0.0237763,0.220013,0.0368424,0.010321,0.0500846,0.0265144,0.0412138,0.0703241,0.182616,0.0569539,0.0292995,0.00407847,0.0132292
N1,75,0.0706036,0.00605775,0.0795645,0.217321,0.0123902,0.248849,0.0126503,0.0197912,0.0449889,0.0306155,0.00816829,0.0387902,0.0220137,0.0335999,0.0331157,0.0511494,0.030662,0.0249709,0.00364544,0.0110533
N1,76,0.0430112,0.00521792,0.201543,0.129194,0.0124569,0.0339948,0.0167682,0.019652,0.197597,0.0307618,0.00825342,0.0681788,0.0218249,0.043249,0.0533654,0.043443,0.0324392,0.0237661,0.00353256,0.0117516
N1,77,0.0377035,0.00484831,0.498929,0.0973711,0.0115878,0.0336596,0.0124762,0.0179576,0.0365984,0.0279336,0.00720727,0.043686,0.0197411,0.0259781,0.0276795,0.0352293,0.0258258,0.0216275,0.00322477,0.010736
N1,78,0.0412185,0.00771714,0.0160448,0.0229648,0.0297856,0.0186662,0.00825402,0.273876,0.0220821,0.115498,0.0239859,0.0144029,0.0156086,0.0148382,0.019302,0.0251358,0.0295799,0.27902,0.00537114,0.0166481
N1,79,0.0445874,0.0106215,0.021487,0.0321331,0.1721,0.0239494,0.0353347,0.041587,0.05052,0.0958587,0.0234333,0.0239693,0.0186918,0.0297617,0.170222,0.0383543,0.0321827,0.0437435,0.0181175,0.0733452
N1,80,0.069408,0.00757737,0.0421491,0.0669699,0.0155204,0.0376988,0.0212878,0.0247806,0.0589707,0.0395592,0.0112526,0.0448131,0.0280528,0.187528,0.0487757,0.192808,0.0537319,0.0305237,0.00428643,0.0143064
N1,81,0.0345414,0.00792068,0.0150057,0.0211414,0.234773,0.0171424,0.0100615,0.208952,0.0206199,0.158125,0.028899,0.0139101,0.0141045,0.0141897,0.0185586,0.0232307,0.0245398,0.0844976,0.0100265,0.0397611
N1,82,0.204101,0.00766836,0.0340779,0.0615551,0.0152251,0.0411496,0.0143617,0.0270149,0.212473,0.0409667,0.0120748,0.0336228,0.0273551,0.0411976,0.0635244,0.0626121,0.0477629,0.0358587,0.00415979,0.0132381
N1,83,0.036883,0.00466576,0.0214355,0.0291352,0.012047,0.0223639,0.00843529,0.0195132,0.0254229,0.0307056,0.00739634,0.0164962,0.639319,0.016633,0.021515,0.0291142,0.0224705,0.0233118,0.00323253,0.0099042
N1,84,0.258458,0.0116539,0.0325902,0.0425088,0.0163818,0.0587336,0.0119396,0.0283926,0.0361565,0.0417455,0.011116,0.030436,0.0299999,0.0244012,0.0300922,0.223812,0.0560738,0.0377784,0.00423912,0.0134905
N1,85,0.0741206,0.00676397,0.0455043,0.0681906,0.0137542,0.24248,0.018945,0.0215856,0.0538858,0.0344396,0.00976166,0.0448018,0.0231002,0.159432,0.0461423,0.0597255,0.0337182,0.0270107,0.00419863,0.0124403
N1,86,0.238384,0.0108879,0.0295469,0.0411405,0.0174813,0.0393648,0.0115755,0.0352647,0.0367365,0.0480296,0.0137034,0.028006,0.0274675,0.024451,0.0298,0.089828,0.20834,0.0519135,0.00431631,0.013762
N1,87,0.0493697,0.00593386,0.0291029,0.0337607,0.0119333,0.595686,0.00925623,0.0187748,0.0279913,0.0289026,0.00735475,0.0243392,0.0181716,0.0177026,0.0237439,0.0369982,0.0242888,0.0229517,0.00354931,0.0101886
N1,88,0.089241,0.00923836,0.166106,0.0918094,0.0194537,0.0352738,0.0145309,0.0458606,0.038952,0.055585,0.0154108,0.0433944,0.024919,0.0297711,0.0294922,0.054017,0.0612836,0.154999,0.004496,0.0161661
N1,89,0.0345414,0.00792067,0.0150056,0.0211414,0.234773,0.0171423,0.0100615,0.208952,0.0206199,0.158125,0.028899,0.01391,0.0141045,0.0141897,0.0185585,0.0232307,0.0245398,0.0844976,0.0100266,0.0397612
N1,90,0.454285,0.010875,0.0282568,0.0399522,0.0170155,0.0492851,0.0107375,0.0321675,0.0330173,0.0458145,0.0119449,0.0239405,0.0285715,0.0223622,0.0275559,0.0599577,0.0417871,0.0449002,0.00426484,0.0133092
N1,91,0.0430112,0.00521792,0.201543,0.129194,0.0124569,0.0339948,0.0167682,0.019652,0.197597,0.0307618,0.00825342,0.0681788,0.0218249,0.043249,0.0533654,0.043443,0.0324392,0.0237661,0.00353256,0.0117516
N1,92,0.0273901,0.00623287,0.0160045,0.021607,0.0870213,0.0168235,0.0194448,0.0285917,0.0208889,0.0526507,0.011188,0.0150473,0.0129591,0.0143424,0.0193569,0.0212963,0.0189953,0.0295658,0.01966,0.540934
N1,93,0.0430264,0.00613363,0.0660738,0.0524813,0.0140424,0.0402899,0.0205338,0.0210239,0.0469007,0.0326229,0.00855646,0.43714,0.0201403,0.0283418,0.0354116,0.0493563,0.0348353,0.0251817,0.00383822,0.0140696
N1,94,0.0273901,0.00623287,0.0160045,0.021607,0.0870213,0.0168235,0.0194448,0.0285917,0.0208889,0.0526507,0.011188,0.0150473,0.0129591,0.0143424,0.0193569,0.0212963,0.0189953,0.0295658,0.01966,0.540934
N1,95,0.0378187,0.00511883,0.0315432,0.0529482,0.0130232,0.0267799,0.014049,0.0208015,0.476497,0.0329344,0.00877015,0.0292179,0.0198791,0.0372617,0.0916342,0.0332483,0.0283304,0.0245452,0.00376366,0.0118352
N1,96,0.0333964,0.00656631,0.0149053,0.0213358,0.0423126,0.0169124,0.00847343,0.0784676,0.0209939,0.525978,0.031447,0.0133793,0.0145477,0.0145999,0.0188409,0.0222962,0.0233406,0.0651504,0.00692812,0.0201274
N1,97,0.036883,0.00466576,0.0214355,0.0291352,0.012047,0.0223639,0.00843529,0.0195132,0.0254229,0.0307056,0.00739634,0.0164962,0.639319,0.016633,0.021515,0.0291142,0.0224705,0.0233118,0.00323253,0.0099042
N1,98,0.0596904,0.00684199,0.238872,0.0803325,0.0134656,0.0464143,0.0149228,0.0212649,0.0414186,0.0326501,0.00863508,0.0693652,0.0259704,0.029715,0.0315449,0.192148,0.0442215,0.0263598,0.00368305,0.0124837
N1,99,0.0377028,0.00484826,0.498958,0.0973507,0.0115872,0.0336627,0.0124762,0.0179564,0.0365947,0.0279316,0.00720679,0.0436905,0.0197407,0.0259751,0.0276769,0.0352299,0.0258255,0.0216262,0.00322461,0.0107358
N1,100,0.0283545,0.00656243,0.0142229,0.0196982,0.510221,0.0160042,0.0111044,0.0411661,0.0190476,0.0844376,0.0158818,0.0130377,0.012784,0.0130334,0.017295,0.0205831,0.0195338,0.0393846,0.0165018,0.0811461
N1,101,0.0596361,0.0093561,0.0223778,0.0323377,0.0266833,0.0249992,0.0115343,0.0661401,0.0341268,0.0938486,0.171882,0.0229353,0.0201511,0.0243374,0.0282286,0.0464072,0.210026,0.071864,0.00557865,0.0175506
N1,102,0.0493697,0.00593386,0.0291029,0.0337607,0.0119333,0.595686,0.00925623,0.0187748,0.0279913,0.0289026,0.00735475,0.0243392,0.0181716,0.0177026,0.0237439,0.0369982,0.0242888,0.0229517,0.00354931,0.0101886
N1,103,0.0485186,0.520535,0.0201681,0.0269743,0.0227209,0.0277738,0.00985801,0.0328588,0.0252224,0.0498172,0.0117247,0.0185138,0.0175263,0.0164884,0.0225863,0.0358523,0.0291195,0.0399033,0.00575976,0.018079
N1,104,0.0699997,0.0105634,0.022029,0.0315789,0.0233033,0.0254897,0.0103276,0.0811041,0.0303511,0.0761173,0.0210237,0.0211616,0.0210894,0.0200928,0.0254442,0.0454201,0.210816,0.233397,0.00491336,0.0157783
N1,105,0.0405986,0.00773757,0.0159279,0.0228592,0.033204,0.0184654,0.00842628,0.231197,0.0221116,0.175569,0.0272743,0.0143168,0.0156445,0.0150594,0.0194732,0.0248494,0.0286116,0.255267,0.0057791,0.0176286
N1,106,0.244562,0.0123748,0.021929,0.0322222,0.0231496,0.0305241,0.00995744,0.0678289,0.0288079,0.0744117,0.0189159,0.0196497,0.0229545,0.0196839,0.0245102,0.043228,0.0466532,0.238239,0.00492208,0.0154758
N1,107,0.0267972,0.0063997,0.013938,0.0193335,0.253148,0.0162335,0.0113584,0.0325345,0.01896,0.0686731,0.013745,0.0127195,0.0122886,0.0129054,0.0180852,0.0199835,0.0182709,0.0325247,0.304081,0.0880211
N1,108,0.056512,0.0079296,0.0478737,0.0487538,0.0159509,0.0378225,0.0175564,0.0270202,0.0485738,0.0395481,0.0111192,0.205384,0.0229001,0.0296407,0.0356852,0.0881184,0.207646,0.0332475,0.00412486,0.0145934
N1,109,0.0565013,0.00792848,0.0478939,0.0487607,0.0159484,0.0378325,0.017562,0.0270111,0.0485795,0.0395371,0.0111162,0.205553,0.0228987,0.0296435,0.0356883,0.0881118,0.20748,0.0332356,0.0041245,0.0145939
N1,110,0.0457579,0.00599113,0.0582312,0.0727286,0.0145012,0.0349588,0.03285,0.0221839,0.0698573,0.0353626,0.00984452,0.199568,0.02179,0.193005,0.0499077,0.051163,0.0372891,0.026473,0.00403178,0.0145052
N1,111,0.0739764,0.00678799,0.0777445,0.232269,0.013758,0.0405576,0.0145236,0.022376,0.0523112,0.0344132,0.00929697,0.0434152,0.0271629,0.043884,0.0366454,0.177598,0.0487439,0.0282523,0.00379143,0.0124913
N1,112,0.0352159,0.00685899,0.0153157,0.0219761,0.0401814,0.0174405,0.00855589,0.0886772,0.0215735,0.497873,0.0312295,0.0137472,0.0149396,0.0150994,0.0192671,0.0231065,0.0245839,0.0782657,0.00661593,0.0194767
N1,113,0.0587102,0.00679161,0.211744,0.0853302,0.0142166,0.0374699,0.0149175,0.024028,0.0440385,0.0358266,0.00983671,0.0678373,0.0245453,0.0311713,0.0319984,0.0799199,0.174514,0.0305034,0.00376858,0.0128324
N1,114,0.0876764,0.225135,0.0270661,0.0344854,0.0206349,0.0403509,0.0125311,0.0314015,0.0319097,0.0469628,0.0121611,0.0289207,0.0232383,0.0211462,0.0288941,0.210687,0.0526097,0.0415025,0.00522838,0.017458
N1,115,0.0554214,0.00765839,0.053535,0.0522364,0.0147197,0.0444918,0.0185895,0.0228697,0.076748,0.0351249,0.00942633,0.220304,0.0235235,0.0314909,0.0421408,0.194673,0.0510833,0.0279083,0.00399696,0.0140581
N1,116,0.260923,0.0116689,0.0318309,0.0421956,0.0167529,0.0493234,0.0118784,0.0298887,0.0361958,0.0433744,0.0115951,0.029737,0.0297863,0.0244238,0.0300319,0.21983,0.0626544,0.0400023,0.00427278,0.013634
N1,117,0.0765806,0.00964794,0.0332117,0.0414071,0.0163464,0.0585268,0.0123965,0.0291961,0.0383514,0.0420995,0.0115519,0.0359501,0.0258629,0.0246113,0.0313181,0.166468,0.291058,0.0376226,0.00426144,0.0135312
N1,118,0.0867573,0.00892393,0.0373631,0.0413502,0.0140318,0.300167,0.0118067,0.0223026,0.0350412,0.0340189,0.00894015,0.0388527,0.0241392,0.0225806,0.0296511,0.200689,0.0391099,0.0281647,0.00404715,0.0120624
N1,119,0.0503398,0.00610178,0.0333493,0.0366781,0.0123242,0.563419,0.0103082,0.0192573,0.0304559,0.0296761,0.0075994,0.0331247,0.0187385,0.0191765,0.0255566,0.0400687,0.0259294,0.0235484,0.00363138,0.0107161
N1,120,0.0455812,0.0055888,0.127964,0.229482,0.0135923,0.0364187,0.0187281,0.0205575,0.0597209,0.0320763,0.00852618,0.172271,0.0211164,0.0456275,0.0372086,0.0478957,0.0343464,0.0249215,0.00377669,0.0145998
N1,121,0.191444,0.00971555,0.052147,0.053782,0.0159221,0.0600073,0.0175947,0.0264355,0.0469586,0.0392847,0.0110167,0.164051,0.0257274,0.0315167,0.0349606,0.109914,0.0563558,0.0344375,0.00413658,0.0145914
N1,122,0.0542605,0.0127762,0.0207268,0.0284655,0.185987,0.0233732,0.0175957,0.0618825,0.0284589,0.0982321,0.0290968,0.0230881,0.0189809,0.0201605,0.0255128,0.0539599,0.160735,0.0684516,0.0103825,0.0578732
N1,123,0.190783,0.0156421,0.0210818,0.0296595,0.170877,0.0288301,0.0166965,0.0527734,0.0276404,0.106076,0.0239395,0.0208114,0.0209051,0.0203617,0.0250733,0.0483367,0.0365486,0.0689323,0.0105234,0.064508
N1,124,0.026127,0.00613698,0.0146456,0.0201097,0.0829801,0.0165318,0.0148599,0.0272984,0.019738,0.0524981,0.0111729,0.0134909,0.012299,0.0134683,0.0192552,0.0201545,0.0179008,0.0282384,0.313806,0.269289
N1,125,0.0442732,0.00559015,0.184154,0.102047,0.0128874,0.0362577,0.0243063,0.0199651,0.0920534,0.031634,0.00847962,0.0629142,0.0223101,0.0491055,0.182454,0.0481398,0.0326803,0.0241382,0.0038842,0.0127253
N1,126,0.0469893,0.00700632,0.0243496,0.0404619,0.0236825,0.0245615,0.0150857,0.0443483,0.222139,0.112933,0.0236991,0.0257514,0.0205359,0.0378084,0.180334,0.0429967,0.0365407,0.0468115,0.00603126,0.0179338
N1,127,0.0644261,0.0161523,0.0226767,0.0300854,0.212216,0.0286397,0.0194074,0.0437133,0.029109,0.0803393,0.0199719,0.0260431,0.0213977,0.0210903,0.026625,0.174094,0.0457805,0.0500928,0.0111325,0.0570068
N1,128,0.038766,0.00608897,0.0311456,0.0451061,0.0180778,0.0275081,0.200084,0.0226874,0.0774245,0.0379635,0.00981463,0.0362699,0.0203932,0.050475,0.257646,0.0362182,0.0288918,0.0262571,0.00586552,0.0233168
N1,129,0.033317,0.00695576,0.0226345,0.0296106,0.056402,0.0213065,0.217354,0.0274826,0.0296033,0.04933,0.011391,0.0248106,0.0161769,0.0226698,0.0293985,0.0281771,0.0237062,0.0298082,0.0134316,0.306434
N1,130,0.0707926,0.00608347,0.0794714,0.217913,0.0124349,0.24002,0.0127125,0.0198774,0.0452406,0.0307417,0.00820637,0.0389447,0.0221932,0.0339912,0.0332306,0.05696,0.0313525,0.0250831,0.00365009,0.0111002
N1,131,0.0635428,0.00720745,0.0380885,0.0573344,0.0145427,0.0379407,0.0160804,0.023776,0.220018,0.0368414,0.0103208,0.0500859,0.0265147,0.0412139,0.0703146,0.182617,0.0569548,0.0292993,0.00407809,0.0132286
N1,132,0.036934,0.00701044,0.0153229,0.0218816,0.031887,0.0175969,0.00808687,0.427007,0.0212471,0.13028,0.0257828,0.0137817,0.0147565,0.0143034,0.0186695,0.0235642,0.0269567,0.122213,0.00555187,0.0171655
N1,133,0.0426127,0.00511993,0.0542797,0.262532,0.0126134,0.0293694,0.0144631,0.0203074,0.242027,0.0318976,0.00859255,0.0338727,0.0213212,0.0547753,0.0596508,0.0366988,0.0301787,0.0245408,0.00359143,0.0115559
N1,134,0.0535903,0.00599715,0.0296172,0.0460233,0.0139607,0.0293049,0.0176652,0.0226491,0.0765756,0.037278,0.00946783,0.0262544,0.260127,0.0389602,0.204581,0.0490213,0.0342448,0.0279607,0.00418592,0.012536
N1,135,0.027409,0.00624137,0.0159767,0.0215781,0.0884737,0.0168118,0.0193529,0.0287413,0.0208625,0.0529866,0.0112431,0.0150206,0.0129578,0.0143257,0.0193286,0.0212911,0.0190074,0.0296911,0.0196417,0.539059
N1,136,0.0433818,0.00521841,0.0586091,0.292906,0.0131733,0.0292317,0.0165107,0.0209183,0.0616969,0.0333204,0.0089461,0.0314624,0.0218209,0.212952,0.0431276,0.0364447,0.0292425,0.0251775,0.00371346,0.0121461
N1,137,0.0492445,0.0079791,0.023496,0.0377643,0.0241377,0.0253573,0.0175206,0.0442983,0.0783538,0.0880101,0.14881,0.024669,0.019757,0.044675,0.215902,0.0372821,0.0400549,0.0467057,0.0069097,0.019072
N1,138,0.0476458,0.00843707,0.163671,0.0700091,0.0332076,0.0418556,0.0301515,0.0267086,0.0370452,0.0483348,0.0127342,0.0418473,0.0202357,0.0317263,0.0382489,0.0493468,0.0321368,0.0314739,0.185612,0.0495717
N1,139,0.0859153,0.013519,0.0231082,0.0325604,0.0287404,0.0283275,0.0118567,0.153769,0.032357,0.0975435,0.0260052,0.0269802,0.0234327,0.0223184,0.0277928,0.145002,0.0952689,0.101815,0.00545024,0.018237
N1,140,0.0780545,0.0104023,0.0358088,0.0427738,0.01577,0.0463409,0.0129354,0.0256056,0.0380602,0.038515,0.0101641,0.037858,0.0293194,0.0249134,0.0317505,0.410536,0.0611608,0.0322255,0.00418911,0.0136165
N1,141,0.0455994,0.00553907,0.129203,0.230239,0.0129983,0.0367173,0.0182846,0.0203119,0.0600342,0.031562,0.00841242,0.173765,0.0211779,0.0456513,0.037263,0.0480682,0.0344104,0.0246787,0.0036084,0.0124761
N1,142,0.0749891,0.0118553,0.0465643,0.0453153,0.0227863,0.0346823,0.0173773,0.0641067,0.0434046,0.0639602,0.0191002,0.150465,0.0218483,0.0284843,0.032669,0.06023,0.0801759,0.158116,0.00491203,0.0189581
N1,143,0.0406341,0.00784279,0.0158717,0.0228272,0.0358779,0.0183733,0.00854166,0.153324,0.0221597,0.272755,0.0308427,0.0142786,0.0157118,0.015259,0.0196153,0.0247425,0.0280634,0.229034,0.00602289,0.0182219
N1,144,0.0274085,0.00624049,0.0159636,0.0215628,0.0876988,0.0168033,0.0193578,0.0287667,0.0208496,0.0530089,0.0112472,0.0150122,0.0129548,0.0143185,0.0193168,0.0212848,0.0190073,0.0297156,0.0196214,0.539861
N1,145,0.0433153,0.00617335,0.0657284,0.0524321,0.0140731,0.0403763,0.0204867,0.0210949,0.046889,0.0327223,0.00858462,0.435521,0.0202437,0.0284443,0.0354302,0.0501842,0.0351024,0.0252781,0.00384509,0.0140753
N1,146,0.107278,0.148932,0.0256476,0.0341898,0.0197122,0.033597,0.0130881,0.0307476,0.031281,0.0494319,0.0118543,0.0235403,0.218203,0.0217309,0.0293137,0.089012,0.0450751,0.0462852,0.00493654,0.0161439
N1,147,0.166102,0.00685153,0.0662155,0.239673,0.0138523,0.0634357,0.013318,0.0233099,0.0484157,0.0354913,0.00964152,0.035609,0.0265241,0.0402153,0.0345793,0.0885603,0.0413772,0.030785,0.00380076,0.0122433
N1,148,0.0969506,0.0121169,0.0251776,0.0342708,0.0304771,0.199843,0.0133362,0.0472529,0.0327408,0.199311,0.0276626,0.0267925,0.0218906,0.0251435,0.030795,0.0521906,0.0382013,0.0605233,0.00736297,0.0179609
N1,149,0.0672947,0.00666242,0.0438015,0.0654036,0.0137938,0.146126,0.0181076,0.0217024,0.0575643,0.0345513,0.00966694,0.0408953,0.0228449,0.27368,0.0454761,0.0546052,0.034181,0.0270117,0.0041618,0.0124696
N1,150,0.0658612,0.00659796,0.062006,0.231847,0.014433,0.0329832,0.0139005,0.0257083,0.0556283,0.0380527,0.0108742,0.0378965,0.0325911,0.0442282,0.0363757,0.0636507,0.176844,0.034004,0.00385319,0.0126648
N1,151,0.0701581,0.213044,0.0190937,0.0266574,0.0299512,0.0251984,0.00981762,0.0714534,0.0252992,0.0820503,0.0192099,0.0179858,0.0181061,0.0169717,0.0227146,0.0381421,0.039796,0.22914,0.00595408,0.0192564
N1,152,0.0864835,0.00885276,0.037202,0.041064,0.0138492,0.306664,0.0117077,0.0220164,0.0347517,0.0335778,0.00883745,0.0386992,0.023884,0.0223872,0.0294115,0.1982,0.0386438,0.0278512,0.00400481,0.0119122
N1,153,0.187377,0.011934,0.038558,0.0497735,0.021337,0.0876512,0.0147102,0.0348156,0.0431258,0.0526057,0.0139761,0.036585,0.0334455,0.0289675,0.0364681,0.182624,0.0557308,0.0470025,0.00570463,0.0176076
N1,154,0.0621052,0.00979461,0.0221036,0.0324625,0.0348748,0.0259605,0.0111411,0.241746,0.0310291,0.119607,0.026453,0.0200874,0.02221,0.0208394,0.0268722,0.0345576,0.0405262,0.190238,0.00672538,0.0206668
N1,155,0.0676393,0.0060898,0.047809,0.16061,0.0137413,0.0314879,0.0125053,0.0234577,0.0421282,0.0363006,0.00914862,0.0262614,0.287382,0.0343274,0.0313502,0.0847701,0.0371588,0.0324926,0.00366814,0.0116719
N1,156,0.0738742,0.00675794,0.0454486,0.068165,0.0137692,0.239179,0.0189402,0.0216079,0.0538994,0.0344799,0.00976651,0.0446722,0.0230978,0.16328,0.0461428,0.0595381,0.0337023,0.0270246,0.00419996,0.0124541
N1,157,0.0494418,0.00744149,0.0238709,0.0416771,0.0305059,0.0233588,0.0189998,0.0515934,0.0426173,0.260044,0.0369874,0.0224093,0.0210367,0.178174,0.0397928,0.0347466,0.0353234,0.0536921,0.00656548,0.0217218
N1,158,0.0475944,0.0111546,0.0302008,0.0342191,0.182157,0.0300064,0.0404559,0.0401271,0.0343118,0.0712572,0.0194956,0.150056,0.018548,0.024635,0.0299425,0.055316,0.0391112,0.0424905,0.0102063,0.0887153
N1,159,0.0671333,0.18303,0.0382452,0.0402834,0.0201574,0.044506,0.0203214,0.0291447,0.0382041,0.0439968,0.0119633,0.177574,0.0207813,0.0249543,0.0341565,0.0914788,0.0505313,0.0374249,0.00512153,0.0209922
N1,160,0.0391609,0.00865726,0.0241704,0.0351543,0.0428922,0.0237271,0.0599181,0.0294063,0.0570937,0.0538937,0.01353,0.0288934,0.0179526,0.033345,0.205239,0.0352046,0.0288025,0.0325246,0.0158185,0.214616
N1,161,0.0556039,0.00735335,0.0318754,0.0939353,0.0292438,0.0264007,0.0155898,0.0440293,0.148689,0.0786426,0.147798,0.0298045,0.0204735,0.0512269,0.0493669,0.0389692,0.0439972,0.0487439,0.00648784,0.0317689
N1,162,0.036883,0.00466576,0.0214355,0.0291352,0.012047,0.0223639,0.00843529,0.0195132,0.0254229,0.0307056,0.00739634,0.0164962,0.639319,0.016633,0.021515,0.0291142,0.0224705,0.0233118,0.00323253,0.0099042
N1,163,0.0468154,0.00820659,0.021587,0.0343043,0.0285204,0.0234697,0.0177926,0.0514892,0.0600785,0.242515,0.0296356,0.021877,0.0202225,0.0374461,0.205816,0.0344213,0.0347775,0.0522621,0.00776108,0.0210028
N1,164,0.0472074,0.00605661,0.0508704,0.0612137,0.0139959,0.0360039,0.0222489,0.0218015,0.156832,0.0341043,0.00929714,0.265579,0.0212887,0.0551673,0.0643442,0.0527538,0.0375339,0.0261633,0.00392897,0.0136089
N1,165,0.0876714,0.225133,0.0270683,0.0344875,0.0206336,0.0403497,0.0125315,0.0313993,0.0319109,0.0469596,0.0121605,0.028922,0.0232452,0.0211469,0.0288951,0.210689,0.052611,0.0414999,0.00522808,0.0174575
N1,166,0.0273901,0.00623287,0.0160045,0.021607,0.0870213,0.0168235,0.0194448,0.0285917,0.0208889,0.0526507,0.011188,0.0150473,0.0129591,0.0143424,0.0193569,0.0212963,0.0189953,0.0295658,0.01966,0.540934
N1,167,0.145288,0.0134588,0.0269751,0.0362112,0.0204009,0.214315,0.0110004,0.0456555,0.0317124,0.0577583,0.0160069,0.0266007,0.0218309,0.0211361,0.0272722,0.0539805,0.0451819,0.165521,0.00511885,0.0145756
N1,168,0.0445911,0.0106201,0.0214942,0.0321464,0.171906,0.0239552,0.0353418,0.0415716,0.0505613,0.0958229,0.023428,0.0239769,0.0186954,0.0297776,0.17041,0.0383604,0.0321875,0.0437318,0.0181136,0.0733085
N1,169,0.0751098,0.00999117,0.0328424,0.0414463,0.0172471,0.0374277,0.0139826,0.029819,0.0388993,0.0431923,0.0117855,0.0364503,0.0269585,0.0252693,0.0318547,0.233306,0.237639,0.0381008,0.00434246,0.0143359
N1,170,0.0595602,0.00638106,0.0560584,0.0515306,0.0140738,0.0378442,0.0211843,0.0224049,0.0484908,0.035125,0.00909402,0.156555,0.239598,0.0331201,0.0354761,0.0840787,0.0446938,0.0279067,0.00375941,0.0130654
N1,171,0.0565363,0.00793056,0.0480163,0.048814,0.0159138,0.0380221,0.0175732,0.0269149,0.0485655,0.0394136,0.0110819,0.205717,0.0229403,0.0296465,0.0356955,0.0885728,0.206818,0.0331279,0.00412025,0.01458
N1,172,0.0831573,0.010315,0.0341788,0.0418358,0.0166959,0.0414399,0.0128224,0.029449,0.0382256,0.0425896,0.0114168,0.0430933,0.0276599,0.0248971,0.0314101,0.34945,0.104964,0.0382075,0.00427571,0.0139167
N1,173,0.0570434,0.00690079,0.0550795,0.0465044,0.0132422,0.298098,0.0149744,0.0203778,0.0397425,0.0314175,0.00829467,0.195394,0.0204559,0.0246035,0.0317833,0.0619856,0.0329413,0.0251527,0.0038392,0.0121695
N1,174,0.088986,0.00922788,0.165742,0.0914705,0.01961,0.0350622,0.0145494,0.0463758,0.0388942,0.0561039,0.0155465,0.0433727,0.0248282,0.0297532,0.02946,0.053864,0.0612712,0.155096,0.00452138,0.0162658
N1,175,0.0680105,0.0136826,0.0316872,0.0356577,0.0495479,0.205204,0.0373983,0.0284195,0.0327557,0.0486883,0.0126971,0.04402,0.0191236,0.023828,0.032218,0.0577981,0.0315031,0.0346056,0.0155857,0.177569
N1,176,0.0261396,0.00614165,0.014622,0.0200833,0.083448,0.0165189,0.0148139,0.0274134,0.0197137,0.0527582,0.0112155,0.0134709,0.0122967,0.0134535,0.0192275,0.0201474,0.0179087,0.0283368,0.313649,0.268641
N1,177,0.0417795,0.0054748,0.0380146,0.0746749,0.0145621,0.0277183,0.0213508,0.0226916,0.0638301,0.0373432,0.0101428,0.0296817,0.0218613,0.427603,0.0534227,0.0358363,0.0295986,0.0266911,0.00412944,0.0135931
N1,178,0.036883,0.00466576,0.0214355,0.0291352,0.012047,0.0223639,0.00843529,0.0195132,0.0254229,0.0307056,0.00739634,0.0164962,0.639319,0.016633,0.021515,0.0291142,0.0224705,0.0233118,0.00323253,0.0099042
N1,179,0.0366156,0.00904977,0.0174439,0.024491,0.11979,0.018854,0.019896,0.0540183,0.0249608,0.115189,0.143914,0.0177933,0.0149283,0.019053,0.0234092,0.0268224,0.0270573,0.0499656,0.01611,0.220638
N1,180,0.0612581,0.00848752,0.0336456,0.0485224,0.0151813,0.0383014,0.0194316,0.0240486,0.0845869,0.038056,0.010411,0.0405374,0.0260354,0.0406412,0.226963,0.185784,0.0497936,0.0294283,0.00464254,0.0142439
N1,181,0.244727,0.0123756,0.0219321,0.0322263,0.0231474,0.0305333,0.00995841,0.0677968,0.0288105,0.0743956,0.0189137,0.0196523,0.0229579,0.0196862,0.0245122,0.0432417,0.0466542,0.238081,0.00492231,0.0154761
N1,182,0.0463526,0.00835232,0.0169862,0.0246311,0.0331929,0.0197146,0.00893778,0.129605,0.0241924,0.1444,0.162165,0.0154155,0.0162272,0.0167518,0.0210923,0.0270175,0.0340974,0.227102,0.00589906,0.017868
N1,183,0.244727,0.0123756,0.0219321,0.0322263,0.0231474,0.0305333,0.00995841,0.0677968,0.0288105,0.0743956,0.0189137,0.0196523,0.0229579,0.0196862,0.0245122,0.0432417,0.0466542,0.238081,0.00492231,0.0154761
N1,184,0.035632,0.00692353,0.0151355,0.0216694,0.0383049,0.0172868,0.00831443,0.242177,0.0212259,0.327311,0.0334645,0.013632,0.0147232,0.0145431,0.0188533,0.023073,0.0254967,0.0973457,0.00618864,0.0186992
N1,185,0.0755079,0.0099854,0.0327623,0.0414259,0.0167067,0.0374838,0.0126096,0.0298239,0.0388343,0.0430052,0.0117604,0.0360095,0.0270341,0.0250604,0.0316687,0.233739,0.240274,0.038192,0.00426249,0.0138546
N1,186,0.0320659,0.00725022,0.0147228,0.0207492,0.260171,0.0166954,0.0102933,0.0661828,0.0203142,0.308347,0.028071,0.0135198,0.0138829,0.0141594,0.0184568,0.0221899,0.0222072,0.0560905,0.0117866,0.0428438
N1,187,0.0426104,0.00511996,0.0542572,0.262348,0.0126133,0.0293684,0.0144636,0.0203078,0.242211,0.0318984,0.00859299,0.0338753,0.021321,0.0547728,0.0596723,0.0366991,0.0301804,0.0245409,0.0035913,0.0115557
N1,188,0.0596702,0.00756253,0.0208616,0.0308549,0.0273854,0.0230335,0.0118665,0.0515354,0.0298841,0.237359,0.0215053,0.0183923,0.253591,0.0234588,0.0266508,0.0386062,0.0354878,0.059835,0.00553635,0.0169231
N1,189,0.0569303,0.00974468,0.0204071,0.0296106,0.0317318,0.0230088,0.0114547,0.0855407,0.0304519,0.243462,0.0414229,0.0204031,0.0204624,0.0224891,0.0266071,0.042976,0.169253,0.0892013,0.00597879,0.0188642
N1,190,0.0431784,0.00624441,0.0432333,0.0530903,0.0142081,0.0354346,0.0297769,0.0216435,0.10951,0.0343287,0.0093087,0.181521,0.020777,0.0439846,0.223097,0.050202,0.0359709,0.0257286,0.00427421,0.0144875
N1,191,0.238215,0.0108867,0.0295472,0.0411388,0.0174816,0.0393541,0.0115762,0.0352676,0.0367393,0.0480311,0.0137044,0.0280103,0.0274647,0.0244516,0.0298016,0.0898332,0.208505,0.0519133,0.00431635,0.0137625
N1,192,0.0757506,0.00722453,0.0316103,0.0405544,0.014408,0.0347824,0.0120885,0.0237594,0.035449,0.0369433,0.00931217,0.0268403,0.312079,0.024317,0.0295162,0.193964,0.045296,0.0301641,0.00381866,0.0121222
N1,193,0.454285,0.010875,0.0282568,0.0399522,0.0170155,0.0492851,0.0107375,0.0321675,0.0330173,0.0458145,0.0119449,0.0239405,0.0285715,0.0223622,0.0275559,0.0599577,0.0417871,0.0449002,0.00426484,0.0133092
N1,194,0.0614196,0.00870649,0.028948,0.0385444,0.0174483,0.0307298,0.0117365,0.0352671,0.0373695,0.0477989,0.0132515,0.0294386,0.023935,0.0235426,0.0302085,0.067321,0.43154,0.0446622,0.00428981,0.0138419
N1,195,0.0469014,0.00855353,0.0168584,0.0241863,0.0276409,0.0199511,0.00841445,0.119744,0.0229253,0.100422,0.0213483,0.0150509,0.01658,0.0153743,0.0199331,0.0269261,0.0317004,0.436148,0.0052087,0.0161326
