Ancestral Node,Pos,A,C,D,E,F,G,H,I,K,L,M,N,P,Q,R,S,T,V,W,Y
N1,1,0.0452309,0.0061993,0.262652,0.0754822,0.0154922,0.0406537,0.0173589,0.0235045,0.0448745,0.0367295,0.00932116,0.209532,0.0228093,0.0299415,0.0340807,0.046578,0.0330809,0.0278312,0.00431283,0.0143351
N1,2,0.0447237,0.00820737,0.0195854,0.027627,0.0310923,0.0223966,0.00965144,0.25433,0.026193,0.112647,0.0236246,0.0170748,0.0183672,0.0173546,0.0228586,0.0286361,0.0317278,0.259292,0.00609288,0.0185176
N1,3,0.0745584,0.0101416,0.0346309,0.0442995,0.0191905,0.0392564,0.0135086,0.0328904,0.0411969,0.0484406,0.012795,0.0360914,0.0285855,0.0264657,0.0339635,0.218543,0.223637,0.0409675,0.00501604,0.0158217
N1,4,0.183065,0.00991677,0.0515675,0.0550177,0.01846,0.0589814,0.0178822,0.0298409,0.0483608,0.045044,0.0121279,0.155807,0.0274305,0.0321408,0.0368817,0.103319,0.0551954,0.037614,0.00489739,0.0164507
N1,5,0.0635776,0.00795685,0.037511,0.178441,0.0269728,0.0290161,0.0158295,0.0512359,0.0476731,0.201334,0.027545,0.0267741,0.0251117,0.0551292,0.0369764,0.0407709,0.0404843,0.061137,0.00634919,0.0201745
N1,6,0.0510953,0.471369,0.0234397,0.0314258,0.0246432,0.030622,0.0110884,0.0357488,0.0291474,0.0547754,0.0128339,0.0207998,0.02017,0.0189037,0.0258877,0.0380456,0.0313332,0.0426371,0.00639574,0.0196381
N1,7,0.0411661,0.00549661,0.0247454,0.0335635,0.0149337,0.0260112,0.00984401,0.023664,0.0294743,0.0373214,0.00891849,0.0191364,0.579437,0.0191172,0.0250606,0.0323954,0.0256098,0.0278122,0.00406055,0.0122323
N1,8,0.0333596,0.0072019,0.0178553,0.024586,0.466079,0.0199033,0.0121816,0.0434927,0.0234028,0.0858893,0.0166132,0.0158051,0.0157585,0.015707,0.0210111,0.0245301,0.0228851,0.0426083,0.0160815,0.0750488
N1,9,0.061685,0.00702279,0.153884,0.103733,0.0163676,0.0997764,0.0199065,0.0253328,0.0532023,0.0401563,0.0106029,0.0478412,0.024972,0.153136,0.0430726,0.0542616,0.0351523,0.0305585,0.00479859,0.0145384
N1,10,0.0693418,0.00803621,0.0429308,0.066701,0.0180647,0.0394537,0.0210644,0.0283453,0.0588003,0.0451896,0.0123089,0.0438406,0.0294651,0.176596,0.0489107,0.182844,0.0527613,0.0341586,0.00501892,0.0161678
N1,11,0.0442294,0.00833476,0.0193986,0.0274673,0.0368208,0.022091,0.0099175,0.124349,0.0262422,0.277802,0.0301637,0.0169428,0.0184446,0.017733,0.0231332,0.0282488,0.0303323,0.211618,0.00671757,0.0200128
N1,12,0.0388144,0.0083822,0.0185852,0.0259115,0.218222,0.0209547,0.0112461,0.19756,0.0248244,0.149938,0.0279314,0.0165908,0.0169637,0.0167397,0.022145,0.026887,0.0272833,0.0818345,0.0102826,0.038903
N1,13,0.046503,0.00678845,0.0635787,0.0542169,0.016736,0.0418138,0.0203581,0.0249916,0.0483524,0.0390167,0.00994337,0.402105,0.0225804,0.0294059,0.0373659,0.0498854,0.0363444,0.0294466,0.00461871,0.0159491
N1,14,0.2305,0.0122315,0.0249729,0.0360001,0.0250145,0.0330016,0.0111769,0.0660487,0.0322995,0.0762351,0.0190981,0.0218005,0.0249227,0.0216984,0.0275945,0.0444781,0.0465828,0.223354,0.00564016,0.0173502
N1,15,0.0623846,0.00904605,0.0313337,0.0417917,0.01986,0.0334394,0.0127572,0.0375879,0.0399063,0.0526353,0.0140794,0.0304043,0.0259099,0.0251453,0.0326943,0.0653737,0.398255,0.0465223,0.00504594,0.0158281
N1,16,0.0620299,0.00896376,0.0315227,0.0423557,0.0197877,0.0333607,0.0129134,0.037292,0.041538,0.0524112,0.0140573,0.030608,0.0258567,0.0259147,0.0337869,0.0650022,0.395618,0.046111,0.00504532,0.0158248
N1,17,0.0388144,0.0083822,0.0185852,0.0259115,0.218222,0.0209547,0.0112461,0.19756,0.0248244,0.149938,0.0279314,0.0165908,0.0169637,0.0167397,0.022145,0.026887,0.0272833,0.0818345,0.0102826,0.038903
N1,18,0.0411661,0.00549661,0.0247454,0.0335635,0.0149337,0.0260112,0.00984401,0.023664,0.0294743,0.0373214,0.00891849,0.0191364,0.579437,0.0191172,0.0250606,0.0323954,0.0256098,0.0278122,0.00406055,0.0122323
N1,19,0.07672,0.0104909,0.0373203,0.0455301,0.0183225,0.0469916,0.0137934,0.0291406,0.0405601,0.0443933,0.0113843,0.0376984,0.0305963,0.0263532,0.0340572,0.381333,0.0590692,0.0357164,0.00494212,0.015587
N1,20,0.0841213,0.00875655,0.0255225,0.0370801,0.0226886,0.0286087,0.0117056,0.0550334,0.0335651,0.0723625,0.0161999,0.0215041,0.238114,0.0230187,0.0285376,0.045036,0.04583,0.180735,0.00527823,0.0163018
N1,21,0.180355,0.0162024,0.0271997,0.0372823,0.0614057,0.0328999,0.02709,0.0411005,0.0341298,0.0687406,0.0173253,0.0275903,0.023367,0.0253416,0.031532,0.0548883,0.0385349,0.0515804,0.0122277,0.191206
N1,22,0.183111,0.0152774,0.0235726,0.0328647,0.18919,0.0312283,0.0157589,0.0539676,0.0304914,0.0966506,0.0237725,0.0220096,0.0228389,0.0215095,0.0272829,0.0485889,0.0374207,0.06899,0.0106578,0.0448171
N1,23,0.0277302,0.00535899,0.0164631,0.0225705,0.0335815,0.0186563,0.00955559,0.0264132,0.0214841,0.0465326,0.0101555,0.0140486,0.0139679,0.0139927,0.019764,0.0211151,0.0188236,0.0280559,0.599864,0.0318662
N1,24,0.0472863,0.00610279,0.0494033,0.207804,0.0158023,0.0328246,0.0181187,0.0246128,0.112354,0.0391943,0.0101998,0.0335064,0.0238471,0.0646405,0.192983,0.0404859,0.0325523,0.0292126,0.00470651,0.0143632
N1,25,0.0404526,0.006073,0.0297116,0.045008,0.0164502,0.029186,0.016606,0.0249846,0.092216,0.0402068,0.0101668,0.0266867,0.021635,0.0346322,0.453656,0.0345013,0.0289295,0.028858,0.00517304,0.0148666
N1,26,0.0498212,0.00888381,0.0276136,0.0390708,0.0433494,0.0277605,0.157583,0.0467835,0.0427337,0.096099,0.138492,0.0322413,0.0218265,0.0475032,0.0423044,0.0392733,0.0396172,0.0483782,0.0087985,0.0418672
N1,27,0.0429494,0.00899937,0.0269619,0.0386214,0.0422617,0.0269939,0.0547887,0.0326355,0.0570084,0.0581944,0.0143858,0.0298604,0.0204784,0.0336213,0.193437,0.0375092,0.031064,0.036123,0.0152386,0.198867
N1,28,0.0447184,0.0082067,0.0195827,0.0276234,0.0310956,0.0223933,0.00965083,0.254384,0.0261902,0.11266,0.0236244,0.0170729,0.018365,0.0173529,0.0228564,0.0286329,0.0317252,0.259253,0.00609324,0.0185187
N1,29,0.062302,0.00883775,0.0354943,0.0505867,0.0177761,0.0399847,0.0194547,0.0277113,0.0810449,0.0438877,0.01158,0.0401291,0.0277128,0.0400677,0.212156,0.177217,0.0493869,0.0332133,0.00533505,0.0161215
N1,30,0.0452275,0.00619795,0.263097,0.0755405,0.0154902,0.0406467,0.0173498,0.023502,0.0448583,0.0367259,0.00932006,0.209124,0.0228101,0.0299365,0.0340696,0.0465603,0.0330701,0.0278288,0.00431246,0.0143326
N1,31,0.0510953,0.471369,0.0234397,0.0314258,0.0246432,0.030622,0.0110884,0.0357488,0.0291474,0.0547754,0.0128339,0.0207998,0.02017,0.0189037,0.0258877,0.0380456,0.0313332,0.0426371,0.00639574,0.0196381
N1,32,0.0751814,0.0119947,0.0374086,0.0457805,0.0248818,0.0365498,0.0176621,0.0645813,0.0449264,0.0678622,0.0195782,0.140975,0.0239556,0.0292275,0.0346749,0.0596611,0.077953,0.160973,0.00564997,0.0205237
N1,33,0.180901,0.0162094,0.0272168,0.0373128,0.0612768,0.0329471,0.0270496,0.0411077,0.0341482,0.068724,0.0173279,0.0275935,0.0233916,0.0253529,0.0315395,0.0549534,0.0385744,0.0516223,0.0122044,0.190547
N1,34,0.0418647,0.00565194,0.457191,0.09332,0.0144624,0.0361298,0.0134383,0.0221604,0.0395334,0.0346614,0.00871833,0.0429559,0.0222605,0.0274389,0.0306767,0.0377759,0.0285642,0.0261975,0.00404326,0.0129554
N1,35,0.0406667,0.00961814,0.0199767,0.0277602,0.108981,0.0218482,0.0164481,0.170912,0.0269688,0.115359,0.024888,0.0189674,0.0175324,0.0185818,0.0245726,0.0290384,0.029765,0.0757995,0.0129615,0.189355
N1,36,0.0767277,0.010491,0.0373133,0.0455248,0.0183259,0.0469823,0.0137922,0.0291495,0.0405572,0.0444054,0.011387,0.0376926,0.0305929,0.0263516,0.0340546,0.381307,0.059088,0.0357267,0.00494259,0.0155882
N1,37,0.0496586,0.00892933,0.0203373,0.0287419,0.0291738,0.0235638,0.00979669,0.111336,0.0269644,0.0994591,0.0213146,0.0176653,0.0192433,0.0178413,0.0234372,0.0302185,0.0335696,0.404773,0.00593823,0.0180384
N1,38,0.0366536,0.00779874,0.0183235,0.0255524,0.239901,0.0205446,0.0114441,0.0652756,0.0245481,0.289189,0.0272082,0.0162409,0.0167607,0.0167066,0.0220492,0.0259671,0.0252541,0.0571927,0.011829,0.0415607
N1,39,0.0538774,0.0126331,0.0272175,0.0360686,0.0577509,0.0276124,0.0308431,0.043539,0.0359599,0.0690609,0.0186849,0.0336433,0.0216274,0.0256318,0.0327945,0.0578464,0.160038,0.0501363,0.0116974,0.193337
N1,40,0.0452309,0.0061993,0.262652,0.0754822,0.0154922,0.0406537,0.0173589,0.0235045,0.0448745,0.0367295,0.00932116,0.209532,0.0228093,0.0299415,0.0340807,0.046578,0.0330809,0.0278312,0.00431283,0.0143351
N1,41,0.0601964,0.00859291,0.0536434,0.051847,0.0176523,0.0480634,0.0182573,0.0270849,0.0472002,0.0417805,0.0108094,0.207339,0.0263313,0.0299541,0.0373663,0.207078,0.0533012,0.0325334,0.00480575,0.0161626
N1,42,0.245769,0.0116947,0.0342853,0.0452592,0.0190313,0.0511455,0.012936,0.0319587,0.0389168,0.0477448,0.0123424,0.0310031,0.0314244,0.0259649,0.0326106,0.210881,0.0553989,0.0410481,0.00500798,0.0155777
N1,43,0.316667,0.0121855,0.0359453,0.0518147,0.0240328,0.0531186,0.0143005,0.0413169,0.0432289,0.0616776,0.0160766,0.0298296,0.0345427,0.0292447,0.0363567,0.0677015,0.0487184,0.0579369,0.0063051,0.0189999
N1,44,0.060961,0.00740277,0.222277,0.0783099,0.0162063,0.0471441,0.0155387,0.0251999,0.0435913,0.0390252,0.0100089,0.0652985,0.0276913,0.0305934,0.0339625,0.182774,0.0445339,0.0304699,0.00447177,0.014539
N1,45,0.0437585,0.010145,0.0192843,0.0269121,0.206421,0.0220229,0.0116906,0.0993574,0.0256185,0.134025,0.0260091,0.0172648,0.0177929,0.0173362,0.0228333,0.02874,0.0294701,0.19187,0.010231,0.039217
N1,46,0.059,0.0146217,0.0298907,0.0375741,0.0556599,0.0319342,0.0343401,0.0356507,0.035948,0.0601387,0.0148973,0.038222,0.0233513,0.0261117,0.0336919,0.167249,0.0441435,0.0409878,0.012021,0.204567
N1,47,0.0745584,0.0101416,0.0346309,0.0442995,0.0191905,0.0392564,0.0135086,0.0328904,0.0411969,0.0484406,0.012795,0.0360914,0.0285855,0.0264657,0.0339635,0.218543,0.223637,0.0409675,0.00501604,0.0158217
N1,48,0.0366465,0.00780017,0.0183227,0.0255493,0.240523,0.0205437,0.0114502,0.0652293,0.0245443,0.288597,0.0271893,0.0162414,0.0167576,0.0167037,0.0220465,0.025966,0.0252484,0.0571598,0.0118414,0.0416395
N1,49,0.0449715,0.00610233,0.0374362,0.0710422,0.0165226,0.0308169,0.0188908,0.0257829,0.243142,0.0414781,0.0110822,0.0334494,0.0236527,0.192299,0.0819142,0.0388301,0.0329366,0.0300852,0.00473343,0.014832
N1,50,0.0510953,0.471369,0.0234397,0.0314258,0.0246432,0.030622,0.0110884,0.0357488,0.0291474,0.0547754,0.0128339,0.0207998,0.02017,0.0189037,0.0258877,0.0380456,0.0313332,0.0426371,0.00639574,0.0196381
N1,51,0.0325187,0.00690894,0.0195281,0.0263907,0.0813464,0.0206982,0.0194715,0.0322584,0.0251247,0.0578317,0.0124571,0.0176353,0.0159406,0.0169126,0.022914,0.025203,0.0224134,0.0337952,0.0189222,0.491729
N1,52,0.0521562,0.0066283,0.0316622,0.0377996,0.0148045,0.541976,0.0105931,0.0229524,0.0318335,0.0356158,0.00886713,0.0261383,0.0208714,0.0201096,0.0270995,0.0393726,0.0272469,0.0274453,0.00434494,0.0124823
N1,53,0.0496586,0.00892933,0.0203373,0.0287419,0.0291738,0.0235638,0.00979669,0.111336,0.0269644,0.0994591,0.0213146,0.0176653,0.0192433,0.0178413,0.0234372,0.0302185,0.0335696,0.404773,0.00593823,0.0180384
N1,54,0.245787,0.0116954,0.0342984,0.0452712,0.0190228,0.0511765,0.0129377,0.0319357,0.0389217,0.0477147,0.0123357,0.031011,0.0314349,0.0259682,0.0326149,0.210913,0.0553591,0.0410216,0.00500673,0.0155744
N1,55,0.0411661,0.00549661,0.0247454,0.0335635,0.0149337,0.0260112,0.00984401,0.023664,0.0294743,0.0373214,0.00891849,0.0191364,0.579437,0.0191172,0.0250606,0.0323954,0.0256098,0.0278122,0.00406055,0.0122323
N1,56,0.0745584,0.0101416,0.0346309,0.0442995,0.0191905,0.0392564,0.0135086,0.0328904,0.0411969,0.0484406,0.012795,0.0360914,0.0285855,0.0264657,0.0339635,0.218543,0.223637,0.0409675,0.00501604,0.0158217
N1,57,0.0642521,0.00771449,0.039364,0.0582881,0.0171955,0.0396638,0.0165452,0.0274516,0.207625,0.0427961,0.0114959,0.0484927,0.0281286,0.0406056,0.0677533,0.173867,0.0556298,0.0330764,0.00483352,0.0152207
N1,58,0.0378714,0.00720643,0.0185103,0.026107,0.0421008,0.0207682,0.00983855,0.075922,0.0251745,0.486739,0.0300865,0.0161321,0.0173814,0.0171047,0.0224041,0.0260956,0.0262795,0.0651154,0.00750449,0.0216584
N1,59,0.183064,0.00991697,0.0515695,0.055016,0.0184598,0.0589843,0.0178821,0.0298404,0.0483593,0.0450428,0.0121276,0.155813,0.0274301,0.0321345,0.0368802,0.103322,0.0551964,0.0376134,0.00489731,0.0164507
N1,60,0.0418647,0.00565194,0.457191,0.0933201,0.0144624,0.0361298,0.0134383,0.0221604,0.0395334,0.0346614,0.00871833,0.0429559,0.0222605,0.0274389,0.0306767,0.0377759,0.0285642,0.0261975,0.00404326,0.0129554
N1,61,0.0403418,0.00753357,0.019391,0.0274783,0.0407877,0.0217497,0.010262,0.0804422,0.0267818,0.323347,0.172021,0.0170006,0.0179003,0.0185166,0.0237517,0.0276103,0.0285546,0.0676734,0.00742558,0.0214313
N1,62,0.0510953,0.471369,0.0234397,0.0314258,0.0246432,0.030622,0.0110884,0.0357488,0.0291474,0.0547754,0.0128339,0.0207998,0.02017,0.0189037,0.0258877,0.0380456,0.0313332,0.0426371,0.00639574,0.0196381
N1,63,0.0319088,0.0070487,0.0175735,0.0242212,0.234583,0.0200799,0.0124093,0.0357889,0.0232964,0.0719587,0.0147082,0.015503,0.0152789,0.0155719,0.0216919,0.0239553,0.0217169,0.0364427,0.274945,0.0813185
N1,64,0.073846,0.00738279,0.0733482,0.218277,0.0164994,0.0420958,0.0151397,0.0262477,0.0529289,0.0406807,0.0106123,0.0420249,0.0288387,0.0429,0.0383661,0.170742,0.0487202,0.0322152,0.00457547,0.0145581
N1,65,0.0738058,0.00737887,0.0734207,0.218299,0.0164933,0.0421166,0.0151463,0.0262344,0.0529425,0.0406615,0.0106077,0.0420925,0.0288211,0.0429038,0.038371,0.17068,0.0486956,0.0321986,0.00457417,0.0145559
N1,66,0.229991,0.0122319,0.0249479,0.0359637,0.0250365,0.032968,0.0111687,0.0661789,0.0322518,0.0763272,0.0191114,0.0217808,0.0249084,0.0216766,0.0275544,0.0444308,0.0465767,0.223898,0.00564185,0.0173549
N1,67,0.0378195,0.00752792,0.0255474,0.0336722,0.0543078,0.0248221,0.199795,0.0310585,0.0329285,0.0544375,0.0125564,0.0262516,0.0188877,0.0242621,0.0317934,0.0313384,0.0265972,0.0338325,0.0132639,0.2793
N1,68,0.175483,0.0112727,0.0237478,0.0341859,0.0278968,0.0300695,0.011202,0.166912,0.0317419,0.0950569,0.0258114,0.0212485,0.0235587,0.0214402,0.027241,0.0417959,0.0478137,0.159375,0.00588827,0.0182587
N1,69,0.0418647,0.00565194,0.457191,0.0933201,0.0144624,0.0361298,0.0134383,0.0221604,0.0395334,0.0346614,0.00871833,0.0429559,0.0222605,0.0274389,0.0306767,0.0377759,0.0285642,0.0261975,0.00404326,0.0129554
N1,70,0.0325189,0.00690896,0.0195283,0.0263909,0.0813458,0.0206984,0.0194715,0.0322584,0.0251249,0.0578316,0.0124571,0.0176355,0.0159408,0.0169127,0.0229142,0.0252032,0.0224135,0.0337952,0.0189219,0.491728
N1,71,0.0390522,0.00832809,0.0192152,0.0268238,0.23142,0.021568,0.0122743,0.0663653,0.0259739,0.152695,0.152153,0.0172549,0.0172171,0.0178487,0.0232929,0.0277145,0.0274019,0.0583899,0.011922,0.0430894
N1,72,0.070184,0.00873829,0.0284222,0.0487151,0.0227975,0.0299402,0.0142407,0.0620355,0.181873,0.0722771,0.0216038,0.0281001,0.0244593,0.0343948,0.0556877,0.0431943,0.0566506,0.173224,0.00564044,0.0178207
N1,73,0.0447333,0.00820916,0.0195856,0.0276273,0.0310892,0.0223978,0.00965116,0.253936,0.0261924,0.112621,0.0236175,0.0170748,0.018368,0.0173543,0.022858,0.0286382,0.0317309,0.259707,0.0060927,0.0185168
N1,74,0.0641358,0.007779,0.0391741,0.0578789,0.0172196,0.0396879,0.01671,0.027461,0.198428,0.0428454,0.011498,0.0479797,0.0281083,0.0405705,0.0780022,0.174085,0.055238,0.0330803,0.0048565,0.0152623
N1,75,0.070582,0.00672022,0.0756079,0.205466,0.0152013,0.232253,0.013558,0.0238285,0.0466861,0.0371045,0.00957364,0.0386952,0.024216,0.0339572,0.0353173,0.0516327,0.032754,0.0291795,0.00442444,0.0132422
N1,76,0.046446,0.00597691,0.190134,0.121383,0.0152714,0.036321,0.0171669,0.0237046,0.187191,0.037244,0.00964995,0.0645446,0.0240512,0.0424121,0.0529817,0.0448985,0.0343011,0.0281199,0.00432841,0.0138733
N1,77,0.0418661,0.00565205,0.45714,0.0933557,0.0144634,0.0361258,0.0134387,0.0221621,0.039539,0.0346642,0.00871902,0.0429493,0.022261,0.0274438,0.0306805,0.0377752,0.0285648,0.0261994,0.00404355,0.0129561
N1,78,0.0447334,0.00820916,0.0195856,0.0276273,0.0310891,0.0223978,0.00965116,0.253936,0.0261925,0.11262,0.0236175,0.0170748,0.018368,0.0173543,0.022858,0.0286383,0.0317309,0.259707,0.0060927,0.0185168
N1,79,0.0476981,0.0107328,0.0245648,0.0359248,0.162289,0.0271524,0.0334082,0.0433411,0.0512865,0.0950375,0.0230799,0.0255599,0.0211141,0.0304975,0.162701,0.0402897,0.034024,0.045991,0.0172664,0.0680404
N1,80,0.0693398,0.00803854,0.0428755,0.0666264,0.0180791,0.0394407,0.0210707,0.028363,0.058807,0.0452212,0.0123156,0.0438322,0.0294647,0.176612,0.0489269,0.182843,0.0527657,0.034175,0.00502319,0.0161789
N1,81,0.0388277,0.00838096,0.018587,0.0259157,0.217587,0.020957,0.0112382,0.198084,0.0248285,0.14998,0.0279441,0.0165911,0.0169669,0.0167413,0.0221468,0.0268899,0.0272966,0.0819515,0.0102664,0.0388197
N1,82,0.195252,0.00812979,0.0358362,0.0618833,0.0178337,0.0424698,0.0150409,0.0303401,0.200312,0.0464983,0.0130454,0.0340769,0.0288636,0.0405422,0.0616812,0.0615352,0.0476331,0.0388647,0.00491246,0.0152483
N1,83,0.0411661,0.00549661,0.0247454,0.0335635,0.0149337,0.0260112,0.00984401,0.023664,0.0294743,0.0373214,0.00891849,0.0191364,0.579437,0.0191172,0.0250606,0.0323954,0.0256098,0.0278122,0.00406055,0.0122323
N1,84,0.0847039,0.00918138,0.038541,0.0440742,0.0166131,0.281265,0.0127266,0.0259982,0.0376968,0.040038,0.0102274,0.0384657,0.0259219,0.0241805,0.0320251,0.18781,0.0397535,0.0319337,0.00476963,0.0140746
N1,85,0.0736037,0.00733566,0.045875,0.0678252,0.0164571,0.225649,0.0190565,0.0254742,0.0544614,0.0405786,0.0109904,0.0439373,0.0251534,0.151951,0.0466899,0.059094,0.0354115,0.0310293,0.00492685,0.0144993
N1,86,0.22433,0.0109307,0.0317929,0.043978,0.0199021,0.0408441,0.0126049,0.03767,0.0393349,0.0529095,0.014505,0.0291579,0.028944,0.0259163,0.0323046,0.0851485,0.195948,0.0529518,0.00506963,0.0157573
N1,87,0.0521562,0.0066283,0.0316622,0.0377996,0.0148045,0.541976,0.0105931,0.0229524,0.0318335,0.0356158,0.00886713,0.0261383,0.0208714,0.0201096,0.0270995,0.0393726,0.0272469,0.0274453,0.00434494,0.0124823
N1,88,0.0870033,0.00951421,0.158063,0.088354,0.0216628,0.03719,0.0151742,0.0470035,0.0412259,0.0596028,0.0160161,0.0425317,0.0266595,0.0305371,0.032005,0.0539284,0.0596018,0.150813,0.00523336,0.0178797
N1,89,0.0388277,0.00838096,0.0185869,0.0259157,0.217587,0.0209569,0.0112382,0.198084,0.0248285,0.14998,0.0279441,0.0165911,0.0169669,0.0167413,0.0221468,0.0268899,0.0272966,0.0819515,0.0102664,0.0388197
N1,90,0.421142,0.0109083,0.0306835,0.0429425,0.0194846,0.0494823,0.0118754,0.0349722,0.0360981,0.0509593,0.0129679,0.0256423,0.0299246,0.0240968,0.0303475,0.0589595,0.0423462,0.0467913,0.00502218,0.0153539
N1,91,0.046446,0.00597691,0.190134,0.121383,0.0152714,0.036321,0.0171669,0.0237046,0.187191,0.037244,0.00964995,0.0645446,0.0240512,0.0424121,0.0529817,0.0448985,0.0343011,0.0281199,0.00432841,0.0138733
N1,92,0.0325187,0.00690894,0.0195281,0.0263907,0.0813464,0.0206982,0.0194715,0.0322584,0.0251247,0.0578317,0.0124571,0.0176353,0.0159406,0.0169126,0.022914,0.025203,0.0224134,0.0337952,0.0189222,0.491729
N1,93,0.046503,0.00678845,0.0635787,0.0542169,0.016736,0.0418138,0.0203581,0.0249916,0.0483524,0.0390167,0.00994337,0.402105,0.0225804,0.0294059,0.0373659,0.0498854,0.0363444,0.0294466,0.00461871,0.0159491
N1,94,0.0325187,0.00690894,0.0195281,0.0263907,0.0813464,0.0206982,0.0194715,0.0322584,0.0251247,0.0578317,0.0124571,0.0176353,0.0159406,0.0169126,0.022914,0.025203,0.0224134,0.0337952,0.0189222,0.491729
N1,95,0.0419163,0.00589622,0.0337758,0.0545753,0.0158228,0.0299478,0.0148107,0.0247862,0.438978,0.0392779,0.0101276,0.0303362,0.0223422,0.0371704,0.0861143,0.035989,0.0307259,0.028872,0.00454944,0.0139856
N1,96,0.0378714,0.00720643,0.0185103,0.026107,0.0421008,0.0207682,0.00983855,0.075922,0.0251745,0.486739,0.0300865,0.0161321,0.0173814,0.0171047,0.0224041,0.0260956,0.0262795,0.0651154,0.00750449,0.0216584
N1,97,0.0411661,0.00549661,0.0247454,0.0335635,0.0149337,0.0260112,0.00984401,0.023664,0.0294743,0.0373214,0.00891849,0.0191364,0.579437,0.0191172,0.0250606,0.0323954,0.0256098,0.0278122,0.00406055,0.0122323
N1,98,0.0609015,0.00739498,0.222891,0.0784065,0.0161987,0.0471284,0.0155397,0.0251863,0.0435886,0.0390061,0.0100041,0.0653077,0.0276778,0.0305945,0.0339535,0.182279,0.0444832,0.0304528,0.00447004,0.0145352
N1,99,0.0418647,0.00565194,0.45719,0.0933207,0.0144625,0.0361295,0.0134382,0.0221606,0.0395337,0.0346616,0.00871838,0.0429556,0.0222605,0.027439,0.0306769,0.0377758,0.0285642,0.0261977,0.00404328,0.0129555
N1,100,0.0333596,0.0072019,0.0178553,0.024586,0.466079,0.0199033,0.0121816,0.0434927,0.0234028,0.0858893,0.0166132,0.0158051,0.0157585,0.015707,0.0210111,0.0245301,0.0228851,0.0426083,0.0160815,0.0750488
N1,101,0.0607362,0.00961204,0.0253077,0.0360285,0.0281554,0.0280952,0.0125313,0.0649365,0.0368319,0.0932737,0.1602,0.0245947,0.0224245,0.0256828,0.0307588,0.0471497,0.197527,0.0707304,0.00623029,0.0191933
N1,102,0.0521562,0.0066283,0.0316622,0.0377996,0.0148045,0.541976,0.0105931,0.0229524,0.0318335,0.0356158,0.00886713,0.0261383,0.0208714,0.0201096,0.0270995,0.0393726,0.0272469,0.0274453,0.00434494,0.0124823
N1,103,0.0510953,0.471369,0.0234397,0.0314258,0.0246432,0.030622,0.0110884,0.0357488,0.0291474,0.0547754,0.0128339,0.0207998,0.02017,0.0189037,0.0258877,0.0380456,0.0313332,0.0426371,0.00639574,0.0196381
N1,104,0.0697844,0.0106638,0.0250231,0.0354004,0.0251909,0.0285593,0.0114897,0.0778069,0.0335872,0.0778605,0.0209465,0.0230743,0.0232687,0.0220294,0.0283668,0.046291,0.19757,0.219821,0.0056377,0.017629
N1,105,0.0441946,0.0083253,0.0193975,0.0274641,0.0367321,0.0220894,0.00991396,0.130267,0.0262383,0.271453,0.0300094,0.0169419,0.0184392,0.0177253,0.0231274,0.0282452,0.0303363,0.212391,0.00671088,0.0199968
N1,106,0.230524,0.0122345,0.0249661,0.0359864,0.0250202,0.0330063,0.0111725,0.0660667,0.0322663,0.0762532,0.0191003,0.0217939,0.0249247,0.0216869,0.0275655,0.0444786,0.0465824,0.22338,0.00564038,0.0173505
N1,107,0.0319033,0.00704734,0.0175729,0.0242206,0.233957,0.0200822,0.0124081,0.0357635,0.0232973,0.0719084,0.0147007,0.015502,0.0152773,0.0155721,0.0216972,0.023953,0.0217124,0.0364216,0.275743,0.0812601
N1,108,0.0581237,0.00835416,0.0478401,0.05077,0.0184842,0.0395834,0.0178177,0.0303448,0.0497221,0.0452751,0.0122095,0.192227,0.0249643,0.0304806,0.0375053,0.0836568,0.194733,0.0365732,0.00488659,0.016448
N1,109,0.0581605,0.0083577,0.0477921,0.050756,0.0184863,0.0395765,0.017802,0.0303596,0.0497053,0.0452904,0.012214,0.191702,0.0249745,0.0304732,0.0374977,0.0837151,0.195211,0.0365955,0.00488683,0.0164438
N1,110,0.0447398,0.00629243,0.0364027,0.0604728,0.0169086,0.0312569,0.0231643,0.0259352,0.0985214,0.0422158,0.0111131,0.0383481,0.0234441,0.188628,0.230105,0.0393624,0.0323499,0.0301806,0.00504926,0.0155101
N1,111,0.0723672,0.00731727,0.0756404,0.21821,0.0164764,0.0418027,0.0155275,0.0261836,0.0533623,0.0405864,0.0105863,0.0477017,0.0285068,0.0430474,0.0384174,0.163736,0.0492893,0.0320973,0.00456921,0.0145751
N1,112,0.0415341,0.0078341,0.0190087,0.0268539,0.0378626,0.0215229,0.00979004,0.19645,0.025744,0.295741,0.0312016,0.0166047,0.0179162,0.0173371,0.0227181,0.0273869,0.0290065,0.12847,0.00679113,0.0202276
N1,113,0.0600712,0.00735738,0.199055,0.0827734,0.0168979,0.0393064,0.015536,0.0276529,0.0458254,0.0418833,0.0110673,0.0640498,0.0264144,0.0318454,0.0343224,0.0766834,0.165731,0.034109,0.00455395,0.0148649
N1,114,0.0852086,0.205244,0.0296063,0.0381639,0.022692,0.0417171,0.0134367,0.0343437,0.035114,0.0520209,0.0131709,0.029942,0.0252477,0.0230366,0.0314889,0.198957,0.0517948,0.0439097,0.00588839,0.0190169
N1,115,0.047403,0.0066021,0.049801,0.0600319,0.0164795,0.0375899,0.0200248,0.025342,0.159596,0.0397524,0.010399,0.258393,0.0233452,0.0387637,0.0609378,0.0571123,0.0386515,0.0298417,0.00464199,0.0152919
N1,116,0.206856,0.00839337,0.0381074,0.0706988,0.0187656,0.0414499,0.0177734,0.0313223,0.0548241,0.0498027,0.0141994,0.0321071,0.0298969,0.173177,0.0448404,0.0619041,0.0448588,0.039836,0.00509406,0.0160932
N1,117,0.0987164,0.00969976,0.0381028,0.0453067,0.0174526,0.215756,0.0131048,0.0289234,0.0406708,0.0434216,0.0118212,0.0431363,0.0254717,0.0256464,0.0335785,0.104427,0.147851,0.037533,0.0049183,0.014462
N1,118,0.0661784,0.0087448,0.0495849,0.0496364,0.0173424,0.0986749,0.0167477,0.0267608,0.0445404,0.0412589,0.0106385,0.173911,0.0262113,0.0283474,0.0358271,0.203063,0.0498377,0.032343,0.00479261,0.0155595
N1,119,0.0589838,0.00749031,0.0539973,0.0489531,0.0160882,0.276904,0.0155329,0.02454,0.0420898,0.0381278,0.00975173,0.180061,0.0229571,0.0261387,0.0341883,0.0609443,0.0347411,0.0295634,0.00464074,0.0143064
N1,120,0.0511792,0.00822175,0.0527206,0.189881,0.0373802,0.0297024,0.0409756,0.0319585,0.0467603,0.0543871,0.0138874,0.0366906,0.0223157,0.0446785,0.038637,0.0425045,0.0339895,0.0374005,0.0102069,0.176523
N1,121,0.183065,0.00991701,0.0515698,0.0550169,0.0184601,0.0589835,0.0178819,0.029841,0.0483587,0.0450438,0.0121277,0.155809,0.0274309,0.0321344,0.0368797,0.103321,0.0551962,0.0376141,0.00489742,0.0164508
N1,122,0.0561696,0.0126052,0.0235946,0.0323606,0.181208,0.026529,0.0171913,0.0621158,0.0316244,0.0987384,0.0285571,0.0242476,0.0213205,0.0218514,0.0281253,0.0536561,0.1533,0.0685797,0.0104571,0.0477689
N1,123,0.180355,0.0162024,0.0271993,0.0372818,0.061406,0.0328996,0.0270898,0.0411014,0.0341295,0.068742,0.0173256,0.02759,0.0233669,0.0253413,0.0315316,0.0548881,0.038535,0.0515812,0.0122276,0.191206
N1,124,0.03132,0.00681566,0.018246,0.0249628,0.0780155,0.0203767,0.015488,0.0310857,0.0240277,0.0576525,0.01243,0.0162122,0.0153007,0.0160914,0.0227587,0.0241254,0.0213903,0.0325797,0.283287,0.247834
N1,125,0.0475397,0.00630237,0.174182,0.0974029,0.0156689,0.0382664,0.023794,0.0239993,0.0879364,0.0380462,0.00985639,0.0598482,0.0244647,0.0475888,0.173711,0.0490279,0.0345163,0.0284625,0.00464673,0.0147401
N1,126,0.0527114,0.00793184,0.0261826,0.0427815,0.0279281,0.0271565,0.0161231,0.0550545,0.177219,0.214471,0.0338151,0.0261198,0.0233199,0.0421033,0.0646415,0.0383655,0.0404267,0.0563209,0.00668018,0.0206474
N1,127,0.0648637,0.015527,0.0255232,0.0340203,0.198566,0.0312194,0.0194063,0.0452843,0.0324507,0.0815371,0.0200356,0.0272768,0.0234645,0.0228644,0.0293555,0.166412,0.0457447,0.0515621,0.0111611,0.0537255
N1,128,0.042701,0.00674757,0.0332945,0.0476199,0.0203743,0.0305023,0.184663,0.026531,0.0748937,0.0438492,0.01107,0.0363714,0.0227376,0.0485904,0.239388,0.0385075,0.0311916,0.03045,0.00644053,0.0240761
N1,129,0.0378308,0.00752571,0.0255689,0.0336991,0.0542249,0.0248364,0.200361,0.0310452,0.0329566,0.0544094,0.0125526,0.0262751,0.0188978,0.0242877,0.031822,0.0313527,0.0266072,0.0338229,0.0132479,0.278676
N1,130,0.070582,0.00672028,0.0756076,0.205467,0.0152016,0.232245,0.0135582,0.0238291,0.0466866,0.0371053,0.00957383,0.0386953,0.0242165,0.0339577,0.0353176,0.0516346,0.0327549,0.0291801,0.00442449,0.0132425
N1,131,0.0642521,0.0077145,0.0393642,0.0582881,0.0171955,0.0396639,0.0165452,0.0274516,0.207625,0.0427961,0.0114959,0.048493,0.0281286,0.0406055,0.067753,0.173868,0.0556299,0.0330764,0.00483353,0.0152207
N1,132,0.0410506,0.00760141,0.0189156,0.0266328,0.0327436,0.0214251,0.00948729,0.398433,0.0254216,0.122895,0.0250103,0.0165095,0.017592,0.0168553,0.0222643,0.0272589,0.0295017,0.115244,0.00623267,0.0189258
N1,133,0.0460753,0.00589395,0.0535117,0.24489,0.015431,0.0322384,0.0151676,0.0243123,0.226933,0.0382983,0.00995851,0.0344045,0.0236064,0.0524224,0.0586005,0.0389942,0.0323306,0.0288263,0.00438762,0.0137176
N1,134,0.0556683,0.00665997,0.031959,0.0483778,0.0166466,0.0320926,0.0179101,0.0264234,0.0740826,0.0430978,0.0107356,0.0276812,0.2407,0.0386022,0.192417,0.0497182,0.0358575,0.0318798,0.00491357,0.0145773
N1,135,0.0325189,0.00690906,0.0195273,0.0263897,0.0813539,0.0206977,0.0194703,0.0322613,0.0251239,0.0578374,0.012458,0.0176347,0.0159405,0.0169121,0.0229132,0.0252027,0.0224135,0.0337977,0.0189215,0.491717
N1,136,0.0467289,0.00597867,0.0573685,0.272082,0.0159384,0.0320329,0.0169154,0.0248677,0.0612714,0.0395706,0.0102695,0.032297,0.0240454,0.198142,0.0440888,0.0387509,0.0315088,0.0294032,0.00449703,0.0142426
N1,137,0.0517709,0.00840778,0.0264071,0.040933,0.0258019,0.028464,0.017783,0.0455957,0.0755749,0.0878092,0.14013,0.0262029,0.0221061,0.0435309,0.202929,0.0393423,0.0408744,0.0484865,0.00737549,0.0204744
N1,138,0.0503396,0.00880396,0.156771,0.0691732,0.0338686,0.0428883,0.0288757,0.0301994,0.0394895,0.0532274,0.0136668,0.0412097,0.0224539,0.0322213,0.0395851,0.0499233,0.0339551,0.0351264,0.170923,0.0472987
N1,139,0.0813422,0.0127452,0.0262289,0.0364439,0.0288258,0.0312423,0.0127105,0.1148,0.0353345,0.0867411,0.0239857,0.0280333,0.025192,0.023814,0.0302816,0.153107,0.132137,0.0915794,0.00601842,0.0194363
N1,140,0.07672,0.0104909,0.0373203,0.0455301,0.0183225,0.0469916,0.0137934,0.0291406,0.0405601,0.0443933,0.0113843,0.0376984,0.0305963,0.0263532,0.0340572,0.381333,0.0590692,0.0357164,0.00494212,0.015587
N1,141,0.0486976,0.00626316,0.119144,0.216502,0.0157755,0.038715,0.0184901,0.024318,0.05991,0.0380024,0.00980087,0.164497,0.0234865,0.0445468,0.038997,0.0489406,0.0360315,0.0289518,0.00440231,0.0145275
N1,142,0.0751812,0.0119946,0.0374105,0.0457827,0.0248808,0.0365506,0.0176622,0.0645796,0.0449273,0.0678598,0.0195777,0.140976,0.0239559,0.0292281,0.0346756,0.0596614,0.0779527,0.160971,0.00564976,0.0205232
N1,143,0.0530688,0.00838471,0.0217786,0.0308866,0.0318468,0.0245591,0.0104938,0.107799,0.028822,0.239217,0.0264204,0.0186208,0.0598889,0.0194809,0.0250649,0.0330994,0.0339673,0.202135,0.00608226,0.0183837
N1,144,0.0325187,0.00690894,0.0195281,0.0263906,0.0813464,0.0206982,0.0194715,0.0322584,0.0251247,0.0578317,0.0124571,0.0176353,0.0159406,0.0169126,0.022914,0.025203,0.0224134,0.0337952,0.0189222,0.491729
N1,145,0.0468406,0.0068354,0.0632301,0.0541114,0.0167644,0.0419507,0.0202825,0.0250594,0.0482828,0.0391061,0.00996915,0.400376,0.0226915,0.0293926,0.0373423,0.0509781,0.0366666,0.0295437,0.00462456,0.0159518
N1,146,0.218275,0.19208,0.0275278,0.0371385,0.0224544,0.039959,0.0124743,0.0363267,0.0335275,0.0545882,0.0136546,0.0246624,0.0513657,0.0223302,0.0298346,0.0658369,0.042723,0.0516195,0.00570637,0.0179148
N1,147,0.175794,0.00755419,0.0611219,0.228189,0.0168759,0.043386,0.0141455,0.0277958,0.0498267,0.0426358,0.0111976,0.0347496,0.0288316,0.0403078,0.0366352,0.0832293,0.0429668,0.0355934,0.00461713,0.0145466
N1,148,0.0936387,0.0120361,0.0278457,0.0378152,0.0313366,0.189097,0.0141242,0.0481578,0.0357079,0.192465,0.0267381,0.0280603,0.0239617,0.0264606,0.0330639,0.0524375,0.0392713,0.0605304,0.00776919,0.0194832
N1,149,0.0735252,0.0073374,0.0458663,0.067733,0.0164638,0.224975,0.0190461,0.0254841,0.0544222,0.0405886,0.0109896,0.0439949,0.0251494,0.152822,0.0466447,0.0590513,0.0354363,0.0310389,0.00492734,0.0145039
N1,150,0.0661863,0.0071737,0.0599886,0.217772,0.0170845,0.0352711,0.0146247,0.0290979,0.055727,0.0438283,0.0119504,0.0376201,0.0382946,0.0431012,0.0380576,0.0620936,0.165698,0.0371027,0.00462631,0.0147021
N1,151,0.0699379,0.195608,0.0223967,0.0310217,0.0310636,0.0282793,0.0110427,0.0693776,0.0291272,0.0831156,0.0193958,0.0202928,0.0206259,0.0192823,0.0259367,0.0400279,0.0406264,0.21553,0.00658097,0.0207304
N1,152,0.0823504,0.0117429,0.0412028,0.0513102,0.0235401,0.0482756,0.0162538,0.0375458,0.04729,0.0565854,0.0149358,0.0413133,0.0342117,0.0309509,0.0398464,0.242618,0.107707,0.0462677,0.00631706,0.0197356
N1,153,0.0733923,0.010472,0.0820565,0.0603522,0.0221562,0.0538095,0.0186931,0.0334337,0.0501821,0.0520416,0.013511,0.100926,0.0321397,0.0392319,0.0409064,0.195508,0.0549733,0.040406,0.00607174,0.0197374
N1,154,0.102721,0.00850568,0.0371474,0.0446723,0.0168582,0.230619,0.0127793,0.0273888,0.0383873,0.0419266,0.0108066,0.0336395,0.15703,0.0248976,0.0322876,0.0754786,0.0514007,0.0347035,0.00477224,0.0139789
N1,155,0.0750293,0.00774101,0.0336401,0.0435662,0.0170924,0.036919,0.0130441,0.0275285,0.0382562,0.0429971,0.0106401,0.0281772,0.284939,0.0258287,0.0320748,0.184158,0.0455465,0.0339822,0.00459957,0.0142395
N1,156,0.0733986,0.00732749,0.0459393,0.0678869,0.0164881,0.225168,0.0191004,0.0255041,0.0545548,0.0406342,0.0109985,0.0440524,0.0251429,0.152156,0.046746,0.0589876,0.0354045,0.0310452,0.00493121,0.0145348
N1,157,0.0516138,0.00809114,0.0266727,0.0437846,0.0412143,0.0266843,0.0215023,0.0507927,0.0436717,0.236281,0.0340576,0.0244916,0.0229704,0.164241,0.0404606,0.0374785,0.0363902,0.0534971,0.00782883,0.0282752
N1,158,0.0502098,0.011174,0.0322281,0.0377971,0.171175,0.0321251,0.0379254,0.0420829,0.0371346,0.073427,0.0196234,0.143701,0.0209927,0.0260428,0.0323645,0.0551714,0.0400849,0.0448723,0.0103145,0.0815546
N1,159,0.0673899,0.169341,0.0393168,0.0432514,0.0222492,0.0453249,0.0202127,0.0323147,0.0405921,0.0493386,0.0129826,0.167233,0.0230711,0.0263506,0.0360947,0.0867298,0.0500031,0.0403326,0.00579014,0.0220816
N1,160,0.0429347,0.00900353,0.0269475,0.0385872,0.0423787,0.026977,0.0548137,0.0326522,0.0568911,0.0582293,0.0143896,0.0298512,0.0204671,0.0335831,0.192827,0.0374937,0.0310505,0.0361344,0.0152566,0.199532
N1,161,0.0655979,0.00768874,0.0418279,0.194392,0.0233911,0.0308345,0.0153364,0.0434522,0.055378,0.0748495,0.127937,0.0295948,0.0237051,0.06268,0.0382025,0.0428266,0.0459993,0.0518978,0.00586977,0.0185388
N1,162,0.0411661,0.00549661,0.0247454,0.0335635,0.0149337,0.0260112,0.00984401,0.023664,0.0294743,0.0373214,0.00891849,0.0191364,0.579437,0.0191172,0.0250606,0.0323954,0.0256098,0.0278122,0.00406055,0.0122323
N1,163,0.0496479,0.00861223,0.0246537,0.0378056,0.0297248,0.0267436,0.0179957,0.0520309,0.0594317,0.231264,0.0284629,0.023716,0.0224735,0.0371544,0.193389,0.036813,0.0362753,0.05347,0.00813496,0.0222006
N1,164,0.0476276,0.00654705,0.0525755,0.0659739,0.0166892,0.0368929,0.0254098,0.0255561,0.155069,0.0403883,0.0107009,0.189442,0.0235511,0.1071,0.0580944,0.0497132,0.0382362,0.0300528,0.00469458,0.0156858
N1,165,0.0828537,0.199837,0.0348089,0.0396513,0.0225615,0.0421801,0.0147164,0.0338007,0.0360536,0.0513433,0.0130665,0.0398302,0.0248596,0.0236753,0.032237,0.188795,0.0512729,0.0430981,0.00586548,0.0194936
N1,166,0.0325187,0.00690894,0.0195281,0.0263907,0.0813464,0.0206982,0.0194715,0.0322584,0.0251247,0.0578317,0.0124571,0.0176353,0.0159406,0.0169126,0.022914,0.025203,0.0224134,0.0337952,0.0189222,0.491729
N1,167,0.136314,0.0132074,0.029475,0.0395822,0.0224812,0.201527,0.012089,0.0466877,0.034862,0.0614308,0.0165256,0.0279198,0.0239495,0.022988,0.0300203,0.0539383,0.0453499,0.159383,0.00578407,0.016485
N1,168,0.047685,0.0107376,0.0245401,0.0358802,0.162907,0.027133,0.0333815,0.0433894,0.0511571,0.0951517,0.0230967,0.0255352,0.0211018,0.0304481,0.162116,0.0402696,0.0340078,0.0460273,0.017282,0.0681527
N1,169,0.31497,0.0122343,0.0359605,0.0521196,0.0243682,0.0534877,0.0143367,0.041818,0.043395,0.0625871,0.0162624,0.0296125,0.0347661,0.0293658,0.0365066,0.0658353,0.048417,0.0583552,0.00639697,0.0192045
N1,170,0.0745593,0.0101416,0.0346331,0.0443015,0.0191891,0.0392604,0.0135089,0.0328873,0.0411979,0.0484361,0.0127941,0.0360928,0.0285869,0.0264663,0.0339642,0.218547,0.223632,0.0409643,0.00501582,0.0158211
N1,171,0.0609414,0.00702844,0.0549561,0.0530106,0.0167391,0.0397764,0.0208748,0.0262006,0.0494723,0.0411875,0.0104025,0.1498,0.220241,0.0329939,0.0371977,0.0828255,0.0449561,0.0318289,0.00453575,0.0150315
N1,172,0.0581693,0.00835841,0.0478207,0.0507663,0.0184795,0.0396202,0.0178046,0.030339,0.0496997,0.0452651,0.0122063,0.191747,0.0249833,0.030473,0.0374986,0.0838633,0.195006,0.0365718,0.00488602,0.0164412
N1,173,0.113009,0.0150706,0.0284453,0.0393121,0.0246951,0.0355293,0.0125556,0.0566324,0.0360955,0.0692873,0.0181936,0.0274995,0.0273676,0.0242264,0.030722,0.208729,0.0835743,0.125498,0.00563167,0.0179256
N1,174,0.0587195,0.00745898,0.054179,0.0489084,0.0159887,0.275103,0.0155619,0.0243877,0.0420791,0.0378842,0.00969883,0.182962,0.0228522,0.0261221,0.0341295,0.0610037,0.0347182,0.0293881,0.00460821,0.014246
N1,175,0.0869788,0.00951346,0.158025,0.088317,0.021682,0.0371653,0.0151756,0.0470566,0.041217,0.0596616,0.0160306,0.0425268,0.0266483,0.0305337,0.0319995,0.0539118,0.0596002,0.150828,0.0052369,0.017892
N1,176,0.0682649,0.0133986,0.0335533,0.0390588,0.0480343,0.19368,0.0351512,0.031722,0.0357495,0.0535407,0.0136421,0.0431562,0.0215239,0.0253177,0.0343279,0.0573593,0.0334305,0.0379034,0.0150239,0.166162
N1,177,0.03132,0.00681566,0.018246,0.0249627,0.0780156,0.0203767,0.0154879,0.0310859,0.0240276,0.0576529,0.01243,0.0162121,0.0153007,0.0160914,0.0227586,0.0241254,0.0213903,0.0325799,0.283287,0.247833
N1,178,0.0453431,0.00621283,0.0393779,0.0731578,0.0172264,0.0307523,0.0210487,0.0265034,0.0629546,0.0432201,0.0113319,0.0306999,0.0240687,0.393918,0.0529207,0.0382022,0.031814,0.0308068,0.00488393,0.0155568
N1,179,0.0411661,0.00549661,0.0247454,0.0335635,0.0149337,0.0260112,0.00984401,0.023664,0.0294743,0.0373214,0.00891849,0.0191364,0.579437,0.0191172,0.0250606,0.0323954,0.0256098,0.0278122,0.00406055,0.0122323
N1,180,0.0406129,0.00935301,0.0207909,0.0289236,0.110115,0.0225073,0.019784,0.0545648,0.028669,0.112495,0.136029,0.0200056,0.0177068,0.0209893,0.0264182,0.0300279,0.0294598,0.0517147,0.0155725,0.204262
N1,181,0.0622376,0.00883073,0.0354758,0.0505874,0.0177718,0.0399568,0.0194638,0.0277034,0.0811483,0.0438823,0.0115788,0.0401022,0.0276979,0.0400887,0.212765,0.176722,0.0493304,0.0332001,0.00533617,0.016121
N1,182,0.229991,0.0122319,0.0249479,0.0359637,0.0250365,0.032968,0.0111687,0.0661789,0.0322518,0.0763272,0.0191114,0.0217808,0.0249084,0.0216766,0.0275544,0.0444308,0.0465767,0.223898,0.00564185,0.0173549
N1,183,0.0492185,0.00875816,0.0204453,0.0291258,0.0340092,0.0233412,0.0102551,0.120484,0.0280658,0.137587,0.151818,0.0179782,0.0189213,0.0190333,0.0244481,0.0302829,0.0356772,0.214425,0.00655352,0.0195733
N1,184,0.229991,0.0122319,0.0249479,0.0359637,0.0250365,0.032968,0.0111687,0.0661789,0.0322518,0.0763272,0.0191114,0.0217808,0.0249084,0.0216766,0.0275544,0.0444308,0.0465767,0.223898,0.00564185,0.0173549
N1,185,0.0398292,0.00751756,0.0187276,0.0264182,0.0386008,0.0211169,0.00969902,0.226451,0.0253897,0.305817,0.0318968,0.0163622,0.0175477,0.017065,0.0224246,0.0267877,0.0281565,0.0929756,0.00684075,0.0203765
N1,186,0.0745833,0.0101447,0.0346411,0.0443042,0.0191886,0.0392803,0.0135106,0.032874,0.0411954,0.0484257,0.0127901,0.0361018,0.0285935,0.026467,0.0339656,0.219017,0.223131,0.0409474,0.00501608,0.0158221
N1,187,0.0366465,0.00780017,0.0183227,0.0255493,0.240523,0.0205437,0.0114502,0.0652293,0.0245443,0.288597,0.0271893,0.0162414,0.0167576,0.0167037,0.0220465,0.025966,0.0252484,0.0571598,0.0118414,0.0416395
N1,188,0.0460828,0.00589268,0.0536062,0.245547,0.0154256,0.0322436,0.0151582,0.0243067,0.226392,0.0382866,0.00995534,0.034401,0.0236088,0.0524209,0.0584331,0.0389934,0.0323266,0.0288224,0.00438458,0.0137119
N1,189,0.0608551,0.00805448,0.0239737,0.0347343,0.0287022,0.0263622,0.0128234,0.052071,0.0331556,0.226777,0.0213635,0.0206573,0.233913,0.0249522,0.029391,0.0404642,0.0368997,0.0600664,0.006176,0.0186074
N1,190,0.0584288,0.0099595,0.0235399,0.0336044,0.0326224,0.0263155,0.0124685,0.0819002,0.0336214,0.232089,0.0389108,0.0223778,0.0226767,0.0240963,0.0293397,0.044207,0.161063,0.0857976,0.00659822,0.0203829
N1,191,0.0465787,0.00687933,0.043935,0.0546764,0.0168852,0.0375256,0.0285113,0.025536,0.102939,0.0405152,0.0105997,0.171403,0.0231112,0.0430303,0.2085,0.0507634,0.0373695,0.0299183,0.00500453,0.0163178
N1,192,0.224869,0.0109344,0.0317913,0.0439823,0.0199018,0.0408744,0.0126029,0.0376628,0.0393262,0.0529072,0.0145023,0.029145,0.0289515,0.0259145,0.0322999,0.0851323,0.195422,0.0529538,0.00506967,0.0157564
N1,193,0.0749011,0.00773228,0.033644,0.0435589,0.0170669,0.0368938,0.013043,0.0274557,0.0382536,0.0429032,0.0106178,0.0281507,0.285907,0.0258252,0.0320777,0.183868,0.0454208,0.0338575,0.0045957,0.0142273
N1,194,0.421142,0.0109083,0.0306835,0.0429425,0.0194846,0.0494823,0.0118754,0.0349722,0.0360981,0.0509593,0.0129679,0.0256423,0.0299246,0.0240968,0.0303475,0.0589595,0.0423462,0.0467913,0.00502218,0.0153539
N1,195,0.062323,0.00904135,0.0312753,0.0417382,0.0198915,0.0333384,0.012748,0.0376816,0.0398809,0.0527541,0.0141056,0.0303585,0.0258669,0.0251274,0.0326725,0.0652107,0.398479,0.0466176,0.00505015,0.0158393
