Ancestral Node,Pos,A,C,D,E,F,G,H,I,K,L,M,N,P,Q,R,S,T,V,W,Y
N1,1,0.0401651,0.00517625,0.294379,0.0778999,0.0115994,0.0382758,0.0169209,0.0177975,0.0420329,0.0275717,0.00729956,0.230585,0.0194218,0.0285651,0.0306225,0.0450771,0.0302754,0.0216747,0.00319873,0.0114622
N1,2,0.0399228,0.00753697,0.014664,0.0211465,0.0292699,0.0172071,0.00769851,0.280945,0.0204714,0.117065,0.0242215,0.0133549,0.0145272,0.0138516,0.0179048,0.0237722,0.0288009,0.286691,0.00507213,0.0158759
N1,3,0.0763045,0.00996932,0.0320908,0.0403491,0.0157296,0.0368788,0.0122793,0.0286412,0.0379748,0.0408714,0.0113702,0.0361477,0.0264787,0.0245614,0.0308093,0.239304,0.246016,0.0371734,0.00396667,0.0130841
N1,4,0.193816,0.0096803,0.0524517,0.0532741,0.0149612,0.0606517,0.0175585,0.0251572,0.0465448,0.0371029,0.0106119,0.166141,0.0250905,0.0314576,0.0342957,0.113066,0.057101,0.0332909,0.00384747,0.0138995
N1,5,0.0626472,0.00726903,0.0359944,0.18926,0.0248661,0.0248464,0.0151226,0.050577,0.0461213,0.210342,0.0290986,0.0248648,0.0225085,0.0591642,0.0346793,0.0383085,0.0393727,0.0612878,0.00549926,0.0181698
N1,6,0.0475155,0.54065,0.0188428,0.0251709,0.0219158,0.0265984,0.00935476,0.0316369,0.0236266,0.0477346,0.0112614,0.0175808,0.0164495,0.0155033,0.0212462,0.0349988,0.0282129,0.0387739,0.00549539,0.0174313
N1,7,0.0351604,0.00432956,0.0200718,0.0273152,0.0109121,0.0208609,0.0078651,0.01786,0.0237638,0.0280813,0.00678881,0.0154132,0.663493,0.0156199,0.0200655,0.0277907,0.0211983,0.0215128,0.0029109,0.00898667
N1,8,0.0263613,0.00630972,0.0128128,0.0177933,0.52696,0.0144847,0.0106901,0.0402224,0.0173364,0.0839747,0.0156006,0.0119517,0.0116203,0.0119797,0.0158311,0.0190226,0.0181952,0.0380658,0.0166909,0.0840963
N1,9,0.0745177,0.00654319,0.0455603,0.0687116,0.0127133,0.247351,0.0190461,0.0200776,0.0539675,0.0320808,0.00930143,0.0455943,0.0223075,0.161689,0.0461558,0.0601887,0.0331597,0.0254551,0.00391979,0.0116595
N1,10,0.0724631,0.00695686,0.0626704,0.153227,0.0134969,0.0388243,0.0173944,0.0219932,0.0551059,0.0343465,0.00969986,0.0442275,0.0270707,0.117728,0.0415578,0.187708,0.0514963,0.0278189,0.00371315,0.0125012
N1,11,0.0392936,0.00768712,0.0144616,0.0209831,0.0362353,0.01687,0.00802073,0.138491,0.0205532,0.303176,0.0321988,0.0132097,0.0146422,0.0143302,0.0182555,0.0233246,0.0270813,0.227741,0.00580175,0.017643
N1,12,0.0328857,0.00775141,0.0136109,0.0192796,0.240304,0.0156509,0.00959744,0.21271,0.0189712,0.162218,0.0294231,0.0128594,0.012984,0.0131899,0.01715,0.0217977,0.0234861,0.0860068,0.00991864,0.0402049
N1,13,0.0417014,0.00588075,0.0674169,0.0518983,0.0129902,0.0397652,0.0207026,0.019464,0.0464401,0.030111,0.00801335,0.449717,0.0191627,0.027986,0.0346882,0.0493389,0.0343363,0.023504,0.00353324,0.0133496
N1,14,0.248866,0.0124717,0.0206369,0.0306352,0.022535,0.0294356,0.00945748,0.0694057,0.0273643,0.0743438,0.0189797,0.0187465,0.0221186,0.0188544,0.0232386,0.0427455,0.0468088,0.243944,0.00464909,0.0147631
N1,15,0.0657282,0.00903436,0.0296196,0.0385124,0.0161267,0.0325703,0.0116873,0.0320323,0.0369755,0.0437037,0.0122935,0.0313513,0.0244426,0.0235004,0.029824,0.0919273,0.41237,0.0412894,0.00397371,0.0130372
N1,16,0.0635149,0.00858908,0.0388311,0.0437405,0.015386,0.0358555,0.014423,0.0278079,0.0421777,0.039547,0.0111714,0.0718422,0.0236873,0.0263801,0.0325894,0.114539,0.337149,0.0354476,0.00389068,0.0134304
N1,17,0.0328857,0.00775141,0.0136109,0.0192796,0.240304,0.0156509,0.00959744,0.21271,0.0189712,0.162218,0.0294231,0.0128594,0.012984,0.0131899,0.01715,0.0217977,0.0234861,0.0860068,0.00991864,0.0402049
N1,18,0.0351604,0.00432956,0.0200718,0.0273152,0.0109121,0.0208609,0.0078651,0.01786,0.0237638,0.0280813,0.00678881,0.0154132,0.663493,0.0156199,0.0200655,0.0277907,0.0211983,0.0215128,0.0029109,0.00898667
N1,19,0.0790629,0.0104195,0.0352907,0.0417357,0.0147704,0.0462445,0.0126221,0.0242223,0.0371268,0.0362031,0.0096923,0.0381165,0.0288836,0.0243934,0.0308778,0.420274,0.0624337,0.0308877,0.00389492,0.0128485
N1,20,0.0874819,0.00824299,0.0214032,0.032061,0.0197653,0.0243183,0.0101482,0.0552395,0.0290323,0.0694074,0.0154094,0.0184757,0.266051,0.0205329,0.0244999,0.0435451,0.0458382,0.190717,0.00425059,0.013581
N1,21,0.18988,0.0172915,0.0235627,0.0324865,0.0662727,0.0297042,0.028777,0.0382459,0.0298229,0.0647029,0.0167342,0.0259662,0.0205006,0.0234261,0.0281892,0.0555819,0.037148,0.0497655,0.0123951,0.209546
N1,22,0.192042,0.0161475,0.0192182,0.0271795,0.206902,0.0276391,0.0150552,0.0537923,0.0254499,0.0985151,0.0245112,0.019186,0.0198288,0.0187789,0.0230758,0.04782,0.0357107,0.0706568,0.0105593,0.0479325
N1,23,0.0199657,0.00413124,0.0112932,0.0155874,0.0311411,0.0131149,0.00750505,0.0202354,0.0151921,0.0370734,0.00795021,0.00995787,0.00966446,0.0100322,0.0144114,0.0151412,0.0135776,0.0211693,0.692239,0.0306176
N1,24,0.0427428,0.00507045,0.0495719,0.222974,0.0119425,0.0289569,0.017837,0.019092,0.123856,0.0304666,0.00835274,0.032664,0.0207198,0.0705019,0.20949,0.0376606,0.029643,0.0233184,0.00365937,0.0114803
N1,25,0.0344382,0.00502199,0.0258031,0.0407628,0.0126161,0.0246297,0.0159784,0.0194232,0.100091,0.0314751,0.00826746,0.0243725,0.0180645,0.0343188,0.510173,0.0303948,0.0252127,0.0227786,0.00417716,0.012
N1,26,0.0440378,0.00831662,0.0225963,0.0326361,0.0503852,0.0222663,0.171393,0.0474802,0.0391941,0.170248,0.0886487,0.0283095,0.0186637,0.0441057,0.0396098,0.034399,0.0349261,0.0473757,0.0087514,0.046657
N1,27,0.0377075,0.0085503,0.0230792,0.033812,0.0433913,0.0224406,0.0623916,0.028144,0.0573457,0.052273,0.0132198,0.0286127,0.016962,0.0333669,0.208704,0.0343718,0.0279554,0.0311178,0.016126,0.220428
N1,28,0.0399228,0.00753697,0.014664,0.0211465,0.0292699,0.0172071,0.00769851,0.280945,0.0204714,0.117065,0.0242215,0.0133549,0.0145272,0.0138516,0.0179048,0.0237722,0.0288009,0.286691,0.00507213,0.0158759
N1,29,0.0609993,0.00837007,0.0328756,0.0477385,0.0141995,0.0375676,0.0194955,0.0227143,0.0865706,0.0359209,0.0100043,0.0408076,0.0253589,0.0410559,0.232317,0.187517,0.0505066,0.0280661,0.00438152,0.0135332
N1,30,0.0409743,0.00558316,0.105547,0.0614606,0.0123798,0.0389729,0.019161,0.0187352,0.0446456,0.0289938,0.00770553,0.416867,0.0192505,0.0281311,0.0330005,0.0473205,0.032643,0.0227033,0.00338494,0.012541
N1,31,0.0475155,0.54065,0.0188428,0.0251709,0.0219158,0.0265984,0.00935476,0.0316369,0.0236266,0.0477346,0.0112614,0.0175808,0.0164495,0.0155033,0.0212462,0.0349988,0.0282129,0.0387739,0.00549539,0.0174313
N1,32,0.0766697,0.0121445,0.0358138,0.0424916,0.0223859,0.0339055,0.0173725,0.0663966,0.0427092,0.0639,0.0194745,0.149422,0.0210516,0.0280156,0.0318607,0.0613941,0.0841668,0.1675,0.00467375,0.018652
N1,33,0.189353,0.0172842,0.0235484,0.0324587,0.0664005,0.0296589,0.0288196,0.0382346,0.0298067,0.0647123,0.0167302,0.0259654,0.0204772,0.0234158,0.0281836,0.0555169,0.0371084,0.0497185,0.0124173,0.21019
N1,34,0.0360462,0.00452719,0.514672,0.0994952,0.0104711,0.0326771,0.0121058,0.0163112,0.035409,0.0253056,0.0066127,0.044189,0.0187192,0.0254162,0.026445,0.0342504,0.0247425,0.0198275,0.00290814,0.00986916
N1,35,0.0351551,0.00926619,0.0151817,0.0213859,0.123359,0.0166532,0.0158754,0.180797,0.0214648,0.120552,0.0257529,0.0156709,0.0136448,0.0153741,0.0200019,0.0243732,0.0265076,0.0786829,0.0131362,0.207166
N1,36,0.108495,0.0108445,0.0337532,0.0414426,0.0151057,0.0478242,0.0121847,0.0256002,0.0362398,0.0378286,0.01013,0.0350408,0.0291384,0.0240954,0.0301156,0.391931,0.0601494,0.0333261,0.00392406,0.012831
N1,37,0.0459481,0.00842683,0.0154916,0.0223996,0.0270386,0.0185297,0.00786383,0.123984,0.0213349,0.101159,0.021439,0.0140206,0.0155319,0.0144034,0.0185502,0.0256485,0.031049,0.446918,0.00490986,0.0153528
N1,38,0.0302569,0.00704134,0.013323,0.0188756,0.26804,0.0151931,0.00985196,0.0667436,0.0186528,0.315261,0.0285331,0.0124539,0.0127555,0.0131616,0.0170468,0.0207035,0.0210035,0.0557542,0.0117867,0.0435617
N1,39,0.0511378,0.0129622,0.023599,0.0310064,0.0618417,0.0232855,0.0333373,0.0411934,0.0320613,0.0650463,0.0183802,0.0333263,0.0184039,0.0237824,0.0297282,0.0591839,0.169864,0.0479913,0.01174,0.212129
N1,40,0.0401651,0.00517625,0.294379,0.0778999,0.0115994,0.0382758,0.0169209,0.0177975,0.0420329,0.0275717,0.00729956,0.230585,0.0194218,0.0285651,0.0306225,0.0450771,0.0302754,0.0216747,0.00319873,0.0114622
N1,41,0.058533,0.00807838,0.0552244,0.0492912,0.0140306,0.0474871,0.0180969,0.021866,0.0451696,0.0332482,0.0090308,0.229057,0.0236856,0.0287418,0.034834,0.224077,0.0550878,0.0271286,0.0037447,0.0135877
N1,42,0.269183,0.0118695,0.0316121,0.0415184,0.015575,0.0513009,0.0115724,0.0276045,0.0351837,0.0401588,0.0108458,0.0298277,0.0298914,0.0239457,0.0291591,0.228724,0.0578454,0.0374128,0.00396311,0.0128064
N1,43,0.153719,0.0123706,0.0396173,0.0497383,0.0209614,0.0521331,0.0152257,0.0336014,0.0440484,0.050863,0.0136653,0.0398758,0.0344489,0.0297032,0.0372181,0.242408,0.062503,0.0447682,0.00551849,0.0176128
N1,44,0.0593785,0.00663011,0.245103,0.0815795,0.0123927,0.0462559,0.0147211,0.0197153,0.0406192,0.0301422,0.00809666,0.0714071,0.0253173,0.02945,0.0305992,0.194518,0.044266,0.0247478,0.00337583,0.011684
N1,45,0.0388834,0.00989872,0.0143865,0.0204076,0.226119,0.016871,0.0101274,0.108379,0.0198701,0.143015,0.0271125,0.0136336,0.0139423,0.0138797,0.0179337,0.0240171,0.02614,0.204861,0.00988609,0.040636
N1,46,0.0572048,0.0153822,0.0267191,0.0326693,0.0596237,0.0283755,0.0377011,0.0316792,0.0319148,0.0544343,0.0138169,0.0388023,0.0203989,0.0243026,0.0307363,0.176002,0.0438671,0.036925,0.0122115,0.227233
N1,47,0.0763045,0.00996932,0.0320908,0.0403491,0.0157296,0.0368788,0.0122793,0.0286412,0.0379748,0.0408714,0.0113702,0.0361477,0.0264787,0.0245614,0.0308093,0.239304,0.246016,0.0371734,0.00396667,0.0130841
N1,48,0.030263,0.00703978,0.0133234,0.0188781,0.267434,0.0151933,0.0098463,0.0667899,0.0186562,0.31584,0.0285526,0.0124531,0.0127582,0.0131644,0.0170494,0.0207038,0.0210086,0.0557862,0.0117757,0.043484
N1,49,0.0399655,0.00505824,0.0352015,0.0727016,0.0127383,0.0265777,0.0188479,0.0204062,0.265014,0.033073,0.00939826,0.032633,0.020502,0.21333,0.0887904,0.0356915,0.0301169,0.0242812,0.00367113,0.0120024
N1,50,0.0475155,0.54065,0.0188428,0.0251709,0.0219158,0.0265984,0.00935476,0.0316369,0.0236266,0.0477346,0.0112614,0.0175808,0.0164495,0.0155033,0.0212462,0.0349988,0.0282129,0.0387739,0.00549539,0.0174313
N1,51,0.02534,0.00596429,0.0146243,0.0197259,0.089752,0.0153016,0.0195227,0.0270643,0.0192134,0.0504902,0.0106647,0.0140327,0.0117881,0.0133264,0.0179495,0.0197469,0.0176264,0.027818,0.0199854,0.560063
N1,52,0.0483446,0.00565989,0.0280632,0.0321017,0.0108129,0.61703,0.00871713,0.0171283,0.026421,0.0262652,0.00675713,0.0236321,0.0170702,0.0167219,0.0223764,0.0360929,0.0231023,0.0211745,0.00324101,0.00928808
N1,53,0.0459481,0.00842683,0.0154916,0.0223996,0.0270386,0.0185297,0.00786383,0.123984,0.0213349,0.101159,0.021439,0.0140206,0.0155319,0.0144034,0.0185502,0.0256485,0.031049,0.446918,0.00490986,0.0153528
N1,54,0.269263,0.0118738,0.0316479,0.0415471,0.0155567,0.0514065,0.0115772,0.0275344,0.035191,0.0400781,0.010825,0.0298509,0.0299233,0.0239525,0.0291677,0.228877,0.0576436,0.0373224,0.00396122,0.0128008
N1,55,0.0351604,0.00432956,0.0200718,0.0273152,0.0109121,0.0208609,0.0078651,0.01786,0.0237638,0.0280813,0.00678881,0.0154132,0.663493,0.0156199,0.0200655,0.0277907,0.0211983,0.0215128,0.0029109,0.00898668
N1,56,0.0763045,0.00996932,0.0320908,0.0403491,0.0157296,0.0368789,0.0122793,0.0286412,0.0379748,0.0408714,0.0113702,0.0361477,0.0264787,0.0245614,0.0308093,0.239304,0.246016,0.0371734,0.00396667,0.0130841
N1,57,0.0635236,0.00702504,0.037671,0.0571335,0.0135047,0.037337,0.0159506,0.0223417,0.224047,0.0345169,0.00987436,0.0509692,0.0259231,0.0416453,0.0717145,0.184967,0.0577744,0.0278418,0.00378428,0.0124543
N1,58,0.0316322,0.00631282,0.0134992,0.0194715,0.0425126,0.0154008,0.00793231,0.0798388,0.0193538,0.540553,0.0321685,0.012296,0.0134343,0.0136211,0.017443,0.0207927,0.022183,0.0653626,0.0066899,0.0195017
N1,59,0.193801,0.0096835,0.0524909,0.0532452,0.014955,0.0607074,0.0175556,0.0251459,0.04652,0.0370777,0.0106051,0.166252,0.0250827,0.0313468,0.0342674,0.113123,0.0571194,0.0332794,0.00384526,0.0138964
N1,60,0.0360462,0.00452719,0.514672,0.0994952,0.0104711,0.0326771,0.0121058,0.0163112,0.035409,0.0253056,0.0066127,0.044189,0.0187192,0.0254162,0.026445,0.0342504,0.0247425,0.0198275,0.00290814,0.00986916
N1,61,0.03461,0.00671663,0.014468,0.0210135,0.0410189,0.0164962,0.00843231,0.085473,0.0212164,0.357457,0.18938,0.0132922,0.0140113,0.0152952,0.0190056,0.0225796,0.0249533,0.0686532,0.00662687,0.0193007
N1,62,0.0475155,0.54065,0.0188428,0.0251709,0.0219158,0.0265984,0.00935476,0.0316369,0.0236266,0.0477346,0.0112614,0.0175808,0.0164495,0.0155033,0.0212462,0.0349988,0.0282129,0.0387739,0.00549539,0.0174313
N1,63,0.0247706,0.00614369,0.0125314,0.0174366,0.259555,0.0147433,0.0109525,0.0311764,0.0172632,0.0673513,0.0133581,0.0116293,0.0111263,0.011859,0.0166756,0.0184205,0.0168995,0.0309061,0.316051,0.0911499
N1,64,0.0749169,0.00660498,0.0789675,0.23687,0.0127217,0.0401244,0.0142284,0.0209542,0.0520437,0.0320886,0.00882353,0.0431053,0.0267155,0.0444317,0.035983,0.180072,0.0493054,0.0268569,0.00349448,0.0116916
N1,65,0.074813,0.0065958,0.0791698,0.236937,0.0127089,0.0401186,0.0142478,0.020921,0.0520799,0.0320428,0.00881165,0.0432866,0.0266803,0.0444447,0.0359974,0.179941,0.0492107,0.0268128,0.00349193,0.0116886
N1,66,0.249912,0.0124975,0.0207503,0.0307872,0.0224155,0.0296346,0.00948411,0.0688077,0.0274744,0.0738422,0.018908,0.0188329,0.0222271,0.0189265,0.0233251,0.0429554,0.0469203,0.242935,0.00463552,0.0147281
N1,67,0.0315174,0.00673492,0.0214924,0.0279914,0.0575575,0.0199059,0.22399,0.026034,0.028247,0.0472848,0.0109256,0.0243131,0.0151014,0.0220806,0.0284195,0.0269369,0.0225564,0.0281793,0.0135342,0.317198
N1,68,0.184366,0.0112833,0.0193361,0.0286596,0.0258362,0.0260945,0.00952398,0.177823,0.0268829,0.0964762,0.0268927,0.0182016,0.0205883,0.0186466,0.0229691,0.0395834,0.0481883,0.177954,0.00491414,0.0157802
N1,69,0.0360462,0.00452719,0.514672,0.0994952,0.0104711,0.0326771,0.0121058,0.0163112,0.035409,0.0253056,0.0066127,0.044189,0.0187192,0.0254162,0.026445,0.0342504,0.0247425,0.0198275,0.00290814,0.00986916
N1,70,0.0253471,0.00596511,0.0146301,0.0197333,0.0897361,0.0153078,0.0195238,0.0270647,0.0192197,0.050488,0.0106649,0.0140372,0.0117924,0.0133302,0.0179547,0.0197533,0.0176312,0.0278198,0.0199786,0.560022
N1,71,0.0331583,0.00768882,0.0143083,0.0203046,0.256457,0.0163431,0.0108366,0.0683342,0.0203023,0.165986,0.165288,0.0136273,0.0132645,0.014514,0.0184887,0.0227785,0.0236248,0.0574365,0.011916,0.0453428
N1,72,0.0705877,0.00822586,0.0248119,0.04607,0.0198649,0.0259089,0.0131987,0.063638,0.194384,0.0693487,0.0219711,0.0264761,0.0216755,0.0343506,0.057498,0.0413013,0.0588521,0.181797,0.00466683,0.0153721
N1,73,0.0399018,0.00753389,0.0146563,0.0211364,0.0292831,0.017197,0.00769739,0.281387,0.0204646,0.117125,0.0242316,0.01335,0.0145203,0.0138477,0.0178997,0.0237624,0.0287923,0.286258,0.0050739,0.0158808
N1,74,0.0635234,0.00702511,0.0376702,0.0571326,0.013505,0.0373368,0.0159507,0.0223419,0.224046,0.0345173,0.00987444,0.0509688,0.025923,0.0416453,0.0717166,0.184967,0.0577742,0.027842,0.00378446,0.0124546
N1,75,0.0708961,0.00580127,0.0815667,0.221129,0.0112982,0.254783,0.0123107,0.0182126,0.0444129,0.028085,0.00762133,0.0389769,0.0211455,0.0335765,0.0322785,0.0511395,0.0298884,0.0233317,0.00334564,0.0102003
N1,76,0.041705,0.00491757,0.205117,0.132982,0.0113604,0.0330933,0.0166641,0.0180662,0.20078,0.0282314,0.00771002,0.069952,0.0209457,0.0437797,0.053736,0.042978,0.0317719,0.0220598,0.00322402,0.0109256
N1,77,0.0360473,0.00452724,0.514632,0.0995241,0.0104716,0.0326737,0.0121058,0.0163124,0.0354137,0.0253076,0.00661321,0.0441834,0.0187198,0.0254202,0.0264482,0.0342497,0.0247429,0.0198289,0.0029083,0.0098694
N1,78,0.0399019,0.00753389,0.0146564,0.0211365,0.029283,0.0171971,0.0076974,0.281387,0.0204647,0.117125,0.0242315,0.01335,0.0145203,0.0138477,0.0178997,0.0237625,0.0287924,0.286258,0.00507388,0.0158807
N1,79,0.0434528,0.0106143,0.0202776,0.0306655,0.174947,0.0227058,0.0363025,0.0409902,0.0504302,0.0965448,0.0236697,0.0234016,0.0177555,0.0295872,0.172059,0.0376895,0.031536,0.0429473,0.0185349,0.0758887
N1,80,0.0697574,0.00741633,0.041997,0.067392,0.014522,0.037089,0.0214791,0.0233848,0.0592893,0.037364,0.0108577,0.0454281,0.0275573,0.190749,0.0489132,0.195697,0.0543997,0.0291209,0.00400021,0.013586
N1,81,0.0328752,0.00775303,0.0136117,0.0192786,0.240919,0.0156519,0.00960551,0.212201,0.0189694,0.162169,0.0294091,0.0128607,0.0129831,0.0131895,0.01715,0.0217973,0.0234741,0.0858843,0.00993302,0.0402851
N1,82,0.206541,0.0075065,0.0334383,0.0616518,0.0142023,0.0407382,0.0141313,0.0257375,0.216414,0.0388267,0.0117207,0.0335702,0.0268144,0.0416541,0.0646028,0.0633439,0.0480331,0.034754,0.00386654,0.0124529
N1,83,0.0351604,0.00432956,0.0200718,0.0273152,0.0109121,0.0208609,0.0078651,0.01786,0.0237638,0.0280813,0.00678881,0.0154132,0.663493,0.0156199,0.0200655,0.0277907,0.0211983,0.0215128,0.0029109,0.00898667
N1,84,0.268638,0.0118635,0.0316899,0.0415527,0.0155294,0.0518368,0.0115803,0.0274688,0.0351967,0.0399892,0.0108049,0.0299024,0.0298956,0.0239501,0.0291736,0.229319,0.0576286,0.0372359,0.00395762,0.0127869
N1,85,0.0746458,0.00654971,0.0455039,0.0685911,0.0127024,0.248584,0.0189759,0.0200639,0.0538381,0.0320517,0.00929304,0.0453394,0.0223039,0.161105,0.0460795,0.0602292,0.0331339,0.0254492,0.00391935,0.0116412
N1,86,0.243295,0.0109237,0.0286958,0.0400867,0.0165298,0.0388905,0.0111827,0.0343983,0.0357708,0.0461533,0.0134226,0.0276344,0.0269444,0.0239254,0.0288445,0.0922497,0.212343,0.0517141,0.00401997,0.0129759
N1,87,0.0483446,0.00565989,0.0280632,0.0321017,0.0108129,0.61703,0.00871713,0.0171283,0.026421,0.0262652,0.00675713,0.0236321,0.0170702,0.0167219,0.0223764,0.0360929,0.0231023,0.0211745,0.00324101,0.00928808
N1,88,0.0905151,0.00915969,0.16821,0.0936156,0.018597,0.0346014,0.0143178,0.0455715,0.038139,0.0541027,0.0152201,0.0439552,0.0242792,0.0295721,0.0285337,0.0543035,0.06223,0.155362,0.00420652,0.0155077
N1,89,0.0328752,0.00775303,0.0136117,0.0192785,0.240919,0.0156518,0.0096055,0.212201,0.0189694,0.162169,0.0294091,0.0128607,0.012983,0.0131895,0.0171499,0.0217972,0.023474,0.0858844,0.00993304,0.0402852
N1,90,0.466091,0.0109144,0.027318,0.0388251,0.0160436,0.0494095,0.0102933,0.0311105,0.0318229,0.0438166,0.0115608,0.0233037,0.0281021,0.0217086,0.0264649,0.0606945,0.0417448,0.0443077,0.00396707,0.0125015
N1,91,0.041705,0.00491757,0.205117,0.132982,0.0113604,0.0330933,0.0166641,0.0180662,0.20078,0.0282314,0.00771001,0.069952,0.0209457,0.0437797,0.053736,0.042978,0.0317719,0.0220598,0.00322402,0.0109256
N1,92,0.02534,0.00596429,0.0146243,0.0197259,0.089752,0.0153016,0.0195227,0.0270643,0.0192134,0.0504902,0.0106647,0.0140327,0.0117881,0.0133264,0.0179495,0.0197469,0.0176264,0.027818,0.0199854,0.560063
N1,93,0.0417014,0.00588075,0.0674169,0.0518983,0.0129902,0.0397652,0.0207026,0.019464,0.0464401,0.030111,0.00801335,0.449717,0.0191627,0.027986,0.0346882,0.0493389,0.0343363,0.023504,0.00353324,0.0133496
N1,94,0.02534,0.00596429,0.0146243,0.0197259,0.089752,0.0153016,0.0195227,0.0270643,0.0192134,0.0504902,0.0106647,0.0140327,0.0117881,0.0133264,0.0179495,0.0197469,0.0176264,0.027818,0.0199854,0.560063
N1,95,0.0362021,0.00480884,0.0306539,0.0524131,0.0119243,0.0254962,0.0137735,0.0192347,0.490248,0.0304468,0.00824096,0.0288388,0.0188908,0.0374567,0.0944844,0.032187,0.027414,0.0228398,0.00345682,0.0109891
N1,96,0.0316322,0.00631282,0.0134992,0.0194715,0.0425126,0.0154008,0.00793231,0.0798388,0.0193538,0.540553,0.0321685,0.012296,0.0134343,0.0136211,0.017443,0.0207927,0.022183,0.0653626,0.0066899,0.0195017
N1,97,0.0351604,0.00432956,0.0200718,0.0273152,0.0109121,0.0208609,0.0078651,0.01786,0.0237638,0.0280813,0.00678881,0.0154132,0.663493,0.0156199,0.0200655,0.0277907,0.0211983,0.0215128,0.0029109,0.00898667
N1,98,0.0594404,0.006638,0.244505,0.0814819,0.0123992,0.046273,0.0147205,0.0197269,0.0406242,0.0301582,0.0081009,0.0713986,0.0253315,0.0294501,0.0306102,0.194995,0.0443188,0.0247631,0.00337735,0.0116875
N1,99,0.0360462,0.00452719,0.514672,0.0994952,0.0104711,0.0326771,0.0121058,0.0163112,0.035409,0.0253056,0.0066127,0.044189,0.0187192,0.0254162,0.026445,0.0342504,0.0247425,0.0198275,0.00290814,0.00986916
N1,100,0.0263613,0.00630972,0.0128128,0.0177933,0.52696,0.0144847,0.0106901,0.0402224,0.0173364,0.0839747,0.0156006,0.0119517,0.0116203,0.0119797,0.0158311,0.0190226,0.0181952,0.0380658,0.0166909,0.0840963
N1,101,0.0594499,0.00928818,0.0212264,0.0309057,0.0261544,0.0237845,0.0111559,0.0670445,0.0331237,0.0945602,0.174995,0.0223294,0.019266,0.0238737,0.0272701,0.0463122,0.214238,0.0727932,0.00532087,0.0169084
N1,102,0.0483446,0.00565989,0.0280632,0.0321017,0.0108129,0.61703,0.00871713,0.0171283,0.026421,0.0262652,0.00675713,0.0236321,0.0170702,0.0167219,0.0223764,0.0360929,0.0231023,0.0211745,0.00324101,0.00928808
N1,103,0.0475155,0.54065,0.0188428,0.0251709,0.0219158,0.0265984,0.00935476,0.0316369,0.0236266,0.0477346,0.0112614,0.0175808,0.0164495,0.0155033,0.0212462,0.0349988,0.0282129,0.0387739,0.00549539,0.0174313
N1,104,0.0704375,0.010569,0.0208576,0.0300985,0.0225704,0.0242935,0.00987597,0.0828883,0.0291115,0.0756522,0.0211476,0.0204464,0.0202524,0.0193581,0.0243122,0.0452877,0.215202,0.237973,0.00462398,0.0150424
N1,105,0.0392981,0.00753193,0.0145542,0.0210408,0.0320605,0.0170173,0.0078461,0.253466,0.0204859,0.157041,0.0266539,0.0132746,0.0145404,0.0140208,0.0180402,0.0235013,0.0279725,0.269477,0.00543462,0.0167438
N1,106,0.2494,0.0124949,0.0207366,0.0307697,0.0224268,0.0296012,0.00948075,0.0689165,0.0274634,0.073904,0.0189168,0.0188224,0.0222136,0.0189179,0.0233165,0.042909,0.0469161,0.243429,0.00463588,0.0147298
N1,107,0.0247753,0.00614505,0.0125313,0.0174361,0.26017,0.0147404,0.0109536,0.0312018,0.0172615,0.067403,0.0133658,0.0116298,0.0111274,0.0118584,0.0166698,0.0184221,0.0169034,0.0309268,0.315269,0.0912098
N1,108,0.0560823,0.00778481,0.0480876,0.0480647,0.0149594,0.0372033,0.0175254,0.0257394,0.0482774,0.0373094,0.0107092,0.209676,0.0221005,0.0294025,0.0350407,0.0904391,0.211901,0.0319926,0.00382638,0.0138787
N1,109,0.0560469,0.0077814,0.0481461,0.0480819,0.0149545,0.0372264,0.0175424,0.0257169,0.0482935,0.0372843,0.0107019,0.210196,0.0220937,0.0294101,0.0350488,0.0904135,0.211393,0.0319614,0.00382576,0.0138818
N1,110,0.0446364,0.00573073,0.0590297,0.0735008,0.0134662,0.034145,0.0337339,0.020679,0.0708155,0.0329927,0.00937747,0.203438,0.0209209,0.196875,0.0501098,0.051209,0.036934,0.0248634,0.00373548,0.013807
N1,111,0.0748334,0.0065976,0.0791341,0.236925,0.0127109,0.0401225,0.0142442,0.0209259,0.0520736,0.0320497,0.00881337,0.0432542,0.0266883,0.0444422,0.0359949,0.179969,0.0492211,0.0268194,0.00349238,0.0116889
N1,112,0.0346144,0.00682428,0.0140399,0.0203017,0.0393292,0.0161691,0.00800529,0.0943644,0.0200248,0.495655,0.0315273,0.0127878,0.0140215,0.0141345,0.0179155,0.022007,0.0241424,0.0893638,0.00623422,0.0185382
N1,113,0.0583859,0.00658054,0.215894,0.0867626,0.013167,0.0368075,0.0147141,0.0226186,0.0434307,0.0334557,0.00936455,0.0697262,0.0238343,0.0310051,0.0311082,0.0816267,0.176888,0.029127,0.00346242,0.0120409
N1,114,0.0891698,0.232511,0.0260824,0.0330398,0.0198454,0.0399296,0.0121973,0.0302697,0.0306623,0.0449881,0.0117805,0.0286136,0.0224671,0.0204215,0.0279011,0.2144,0.0532226,0.0406571,0.00497102,0.0168701
N1,115,0.0502005,0.00676525,0.0526192,0.0549137,0.0132909,0.0404214,0.0193629,0.0207918,0.130179,0.0320397,0.00879648,0.222006,0.0216952,0.0349087,0.0510961,0.152535,0.046283,0.025418,0.00364661,0.0130315
N1,116,0.268358,0.0118223,0.0313728,0.0413562,0.0156759,0.0504654,0.0115399,0.0281169,0.0351739,0.0406864,0.0110042,0.0296603,0.0296619,0.0239161,0.0291192,0.22691,0.0601967,0.0381628,0.00397085,0.0128302
N1,117,0.0787498,0.00954752,0.0328975,0.0404719,0.0152328,0.0679427,0.0120233,0.0276458,0.0374177,0.0395375,0.0110559,0.0364543,0.0249491,0.0240183,0.0304184,0.170324,0.28845,0.0362381,0.00397302,0.0126523
N1,118,0.0882435,0.00887423,0.036984,0.0403442,0.0130632,0.306274,0.0114736,0.0209241,0.0340605,0.0317608,0.00846342,0.0391796,0.0235145,0.0220053,0.0287681,0.205074,0.0391256,0.0267875,0.00377479,0.011305
N1,119,0.0488599,0.00575092,0.030302,0.03368,0.011029,0.600083,0.00927387,0.0173996,0.0277416,0.0266991,0.0068924,0.0280001,0.0173878,0.0175138,0.0233528,0.0376859,0.0239791,0.0215085,0.0032861,0.00957494
N1,120,0.0444454,0.00525544,0.133962,0.234972,0.0119362,0.0359516,0.018284,0.0187523,0.0602809,0.0290638,0.00787508,0.176298,0.020255,0.0462919,0.0366342,0.0478647,0.0338471,0.0230132,0.00330684,0.0117108
N1,121,0.193805,0.00967774,0.0525564,0.0533725,0.0149409,0.0606872,0.0175491,0.02513,0.0465262,0.0370533,0.0105999,0.166201,0.0250901,0.0313621,0.0342664,0.113092,0.057101,0.0332641,0.00384171,0.0138841
N1,122,0.0538678,0.0129029,0.0193459,0.0266769,0.19592,0.0220666,0.0168557,0.063386,0.026928,0.100564,0.0301529,0.0220251,0.0180581,0.0192589,0.024175,0.0540189,0.161984,0.0700219,0.0102763,0.0515151
N1,123,0.191487,0.0165935,0.0213188,0.0297566,0.14105,0.0286511,0.0213317,0.0466995,0.0275887,0.0855024,0.0210728,0.0223668,0.0201985,0.0210141,0.025536,0.0513011,0.036433,0.0613316,0.0113675,0.119399
N1,124,0.0240656,0.00586827,0.0132458,0.0182176,0.085328,0.0150347,0.0146493,0.0257248,0.0180527,0.0503541,0.0106571,0.012424,0.0111306,0.0124369,0.0178825,0.0185892,0.0165119,0.0264522,0.326048,0.277327
N1,125,0.043045,0.00531169,0.187092,0.104417,0.0118036,0.0355044,0.0246119,0.0183859,0.094163,0.0291324,0.00794462,0.0644392,0.0214653,0.0499395,0.184815,0.0479252,0.0320241,0.022444,0.00358961,0.0119469
N1,126,0.0457056,0.00677923,0.0231689,0.0393291,0.0229622,0.0232008,0.0148713,0.0438405,0.228233,0.112224,0.0237932,0.0250151,0.0196136,0.0380087,0.187839,0.0405909,0.0358125,0.0461448,0.00560906,0.0172593
N1,127,0.0645503,0.0164962,0.021583,0.0285603,0.216714,0.0276848,0.0195056,0.0431957,0.0278245,0.0801134,0.0200258,0.0256532,0.0206226,0.0204354,0.0255873,0.175936,0.0460233,0.0496598,0.0111555,0.0586735
N1,128,0.0372333,0.00583403,0.0303181,0.0441723,0.0171896,0.02632,0.205382,0.0211705,0.0788684,0.0356601,0.00932823,0.036386,0.0194697,0.0515199,0.264385,0.0353812,0.0280246,0.0246008,0.00564689,0.02311
N1,129,0.0315103,0.00673716,0.0214762,0.0279728,0.0576266,0.019896,0.223433,0.0260437,0.0282307,0.0473046,0.0109285,0.0242929,0.015094,0.0220593,0.0284028,0.0269269,0.0225493,0.0281864,0.013546,0.317783
N1,130,0.0708973,0.005803,0.0815627,0.221152,0.0113044,0.25457,0.0123147,0.0182233,0.0444271,0.0281013,0.00762537,0.03898,0.0211575,0.0335915,0.032287,0.0511937,0.0299137,0.0233437,0.00334655,0.0102056
N1,131,0.0635236,0.00702504,0.037671,0.0571335,0.0135047,0.037337,0.0159506,0.0223418,0.224047,0.0345169,0.00987436,0.0509692,0.0259231,0.0416453,0.0717145,0.184967,0.0577744,0.0278418,0.00378428,0.0124543
N1,132,0.0354287,0.00678815,0.013928,0.0200322,0.0312263,0.0161106,0.00751304,0.439836,0.0196052,0.129751,0.0259301,0.0127157,0.01364,0.0132847,0.0172404,0.0221386,0.0260828,0.127191,0.0052248,0.0163331
N1,133,0.0412973,0.00481248,0.0548045,0.269004,0.0115135,0.0282194,0.0142183,0.0187399,0.247269,0.0293992,0.00806242,0.0337643,0.020415,0.0560276,0.0603729,0.0358472,0.029377,0.0228632,0.00328278,0.0107107
N1,134,0.0529218,0.00574148,0.028702,0.0451713,0.012915,0.0282108,0.0176377,0.0211766,0.0779783,0.0350303,0.00898064,0.025741,0.267307,0.0392763,0.208498,0.0489185,0.0336992,0.0264417,0.00390738,0.0117456
N1,135,0.0253449,0.00596625,0.0146149,0.0197159,0.0899394,0.0152972,0.0195001,0.0271076,0.0192044,0.0505804,0.0106795,0.0140243,0.0117873,0.0133208,0.0179401,0.0197445,0.0176296,0.0278549,0.0199766,0.559771
N1,136,0.042106,0.00491474,0.0593771,0.300944,0.0120908,0.0280521,0.0164101,0.0193687,0.0621411,0.0308803,0.00843387,0.031211,0.0209425,0.21803,0.0428801,0.0355789,0.0283844,0.023519,0.00340814,0.0113267
N1,137,0.048383,0.0078298,0.0223495,0.0365732,0.0235231,0.0241449,0.0174887,0.0439345,0.0799115,0.0884913,0.150967,0.0241229,0.0188441,0.0453648,0.220183,0.0365688,0.0398868,0.0461441,0.00674045,0.0185488
N1,138,0.0467137,0.00831728,0.165185,0.0706576,0.0330262,0.0415988,0.0308151,0.0253369,0.0361699,0.0464466,0.0123915,0.0423092,0.019397,0.0316584,0.037849,0.0493047,0.0315072,0.0300571,0.190551,0.0507077
N1,139,0.0872209,0.0136925,0.0220127,0.0311492,0.0283586,0.0273232,0.0115094,0.153059,0.0312336,0.100012,0.0264025,0.0265413,0.0227578,0.0217621,0.0268192,0.145902,0.0974298,0.103973,0.00519266,0.0176487
N1,140,0.0790629,0.0104195,0.0352907,0.0417357,0.0147704,0.0462445,0.0126221,0.0242223,0.0371268,0.0362031,0.0096923,0.0381165,0.0288836,0.0243934,0.0308778,0.420274,0.0624337,0.0308877,0.00389492,0.0128485
N1,141,0.0444499,0.00525398,0.133994,0.234998,0.011914,0.0359674,0.0182723,0.0187404,0.0602909,0.0290399,0.00787042,0.176315,0.0202589,0.0462931,0.0366368,0.0478727,0.0338504,0.0230027,0.00329966,0.0116801
N1,142,0.0766657,0.0121397,0.0358839,0.0425555,0.0223635,0.0339323,0.0173758,0.066341,0.0427324,0.0638339,0.0194591,0.149458,0.0210605,0.02803,0.0318752,0.0614078,0.0841548,0.167422,0.00466993,0.0186394
N1,143,0.0393373,0.00769161,0.0144737,0.020998,0.0361462,0.0168872,0.0080176,0.139036,0.0205611,0.301821,0.0321319,0.0132183,0.0146493,0.0143299,0.0182576,0.0233445,0.0271172,0.22858,0.00578849,0.0176127
N1,144,0.0253542,0.00597005,0.0145954,0.0196949,0.090288,0.0152878,0.0194565,0.0271937,0.0191856,0.0507578,0.0107088,0.0140073,0.0117854,0.0133094,0.0179209,0.0197391,0.0176357,0.0279285,0.019958,0.559223
N1,145,0.0417221,0.00588406,0.0673857,0.0518872,0.0129943,0.0397693,0.0206978,0.0194728,0.0464343,0.0301236,0.00801641,0.449644,0.0191726,0.027987,0.0346862,0.0493711,0.0343521,0.0235148,0.00353418,0.0133506
N1,146,0.092043,0.209443,0.0250739,0.0326298,0.0190507,0.0359207,0.0120977,0.0295969,0.0300665,0.0452907,0.0114561,0.0258165,0.0787066,0.0204491,0.027536,0.194011,0.0490313,0.0411163,0.00474754,0.0159166
N1,147,0.191464,0.00676208,0.0637551,0.248676,0.0130267,0.0514041,0.0128637,0.0225855,0.0477473,0.0340695,0.0094434,0.0337063,0.0263856,0.0406545,0.033622,0.0770242,0.0409728,0.030768,0.00352386,0.0115458
N1,148,0.0987527,0.0122009,0.0241531,0.032915,0.0302295,0.203146,0.0130574,0.0470688,0.0316241,0.200956,0.0281636,0.0263697,0.0211065,0.0246922,0.0299641,0.0522981,0.0379139,0.0607843,0.00722098,0.0173835
N1,149,0.0745908,0.00654676,0.045498,0.0686709,0.012712,0.247541,0.019001,0.0200808,0.0539235,0.0320846,0.00930232,0.0453316,0.0223145,0.161874,0.0461355,0.0602034,0.0331539,0.0254629,0.00392044,0.0116517
N1,150,0.0661302,0.00641569,0.0631967,0.236771,0.0134501,0.0321204,0.0136694,0.0245682,0.0560599,0.0359814,0.0105504,0.0384655,0.0243381,0.0450049,0.0358771,0.0649693,0.183854,0.0331008,0.00356276,0.0119132
N1,151,0.0705949,0.219222,0.0177908,0.024939,0.029568,0.0240045,0.00933742,0.0726589,0.0237924,0.0818737,0.0192036,0.0170893,0.0171169,0.0160663,0.0214521,0.0375252,0.0396308,0.233743,0.00570424,0.0186863
N1,152,0.0878075,0.00876147,0.0367063,0.0398781,0.012788,0.316629,0.011314,0.0204871,0.0335935,0.0310919,0.00830563,0.0388917,0.0231156,0.0216937,0.0283848,0.201099,0.0383602,0.0263045,0.00371195,0.011076
N1,153,0.154305,0.0121871,0.0395233,0.0495081,0.020734,0.0699517,0.0150669,0.0332596,0.0436566,0.050358,0.0135272,0.0394319,0.0339287,0.029383,0.036914,0.230187,0.0607653,0.0444049,0.00550299,0.017405
N1,154,0.0558533,0.00937679,0.0204012,0.0301408,0.0358189,0.0238205,0.0106551,0.282132,0.029365,0.127169,0.0278923,0.0189755,0.02054,0.019742,0.0254911,0.0325185,0.039321,0.163742,0.00659681,0.0204488
N1,155,0.0721321,0.00636226,0.0400127,0.0957811,0.0129343,0.0321167,0.0119942,0.0219318,0.0381936,0.0340304,0.00866915,0.0261503,0.308889,0.0292809,0.0296676,0.147434,0.0409787,0.0290018,0.00342251,0.0110169
N1,156,0.0503609,0.00578824,0.0393725,0.0684782,0.0130261,0.0677488,0.0193194,0.0205685,0.0566312,0.0332863,0.0092746,0.0328564,0.021274,0.401683,0.0473727,0.0418463,0.030094,0.0250925,0.00381534,0.012111
N1,157,0.0486803,0.00722908,0.0227991,0.0409023,0.0286922,0.0220637,0.0186882,0.0518338,0.0422414,0.266247,0.0381881,0.0217109,0.0202664,0.181741,0.0396108,0.0338532,0.0349522,0.0537091,0.00622333,0.0203671
N1,158,0.0563475,0.0122391,0.0275791,0.0317131,0.186058,0.094177,0.0342483,0.0382051,0.0312889,0.0693888,0.0188932,0.108862,0.0178686,0.0226561,0.0278418,0.0553567,0.036703,0.0425527,0.0114532,0.0765682
N1,159,0.0673422,0.187496,0.0379504,0.0391602,0.0193598,0.0443372,0.0204608,0.027921,0.0373363,0.0419144,0.0115816,0.180599,0.0198827,0.0244594,0.0334643,0.0938962,0.0509963,0.0363523,0.00486149,0.0206279
N1,160,0.0377212,0.0085463,0.02309,0.0338419,0.0432767,0.0224552,0.0623653,0.0281311,0.0574626,0.0522455,0.0132172,0.0286197,0.0169718,0.0334044,0.209297,0.0343858,0.0279684,0.0311094,0.01611,0.219781
N1,161,0.0591314,0.00701248,0.0352767,0.13169,0.02308,0.0260025,0.0148023,0.0425034,0.127991,0.0752541,0.145673,0.0277988,0.0201784,0.0585529,0.0457,0.0393972,0.0450606,0.0489611,0.00527163,0.0206626
N1,162,0.0351604,0.00432956,0.0200718,0.0273152,0.0109121,0.0208609,0.0078651,0.01786,0.0237638,0.0280813,0.00678881,0.0154132,0.663493,0.0156199,0.0200655,0.0277907,0.0211983,0.0215128,0.0029109,0.00898667
N1,163,0.0458122,0.00806757,0.0203771,0.0329674,0.0281134,0.0221875,0.0177891,0.0514663,0.0606658,0.246115,0.0302663,0.0211925,0.0193599,0.0377496,0.209859,0.0335547,0.0342946,0.0519583,0.00763304,0.0205716
N1,164,0.04609,0.00577463,0.0508741,0.0608803,0.0128679,0.0352123,0.0216662,0.0202143,0.178444,0.0315121,0.00875392,0.259817,0.0203474,0.0513028,0.0641662,0.0538697,0.037387,0.0244675,0.00360395,0.0127492
N1,165,0.0891692,0.232511,0.0260827,0.0330401,0.0198452,0.0399294,0.0121974,0.0302693,0.0306626,0.0449875,0.0117804,0.0286138,0.0224674,0.0204216,0.0279014,0.2144,0.053223,0.0406568,0.00497098,0.01687
N1,166,0.02534,0.00596429,0.0146243,0.0197259,0.089752,0.0153016,0.0195227,0.0270643,0.0192134,0.0504902,0.0106647,0.0140327,0.0117881,0.0133264,0.0179495,0.0197469,0.0176264,0.027818,0.0199854,0.560063
N1,167,0.149575,0.0136213,0.0260179,0.0349223,0.0196009,0.218603,0.0105818,0.0454273,0.0305017,0.0564302,0.0158537,0.02615,0.0210189,0.0204343,0.0262147,0.0542475,0.0453161,0.166797,0.00486155,0.0138259
N1,168,0.0434646,0.0106099,0.0202989,0.0307058,0.174346,0.0227229,0.0363246,0.0409439,0.0505595,0.0964358,0.0236536,0.0234246,0.0177663,0.029637,0.172639,0.0377083,0.0315514,0.0429127,0.0185226,0.0757725
N1,169,0.0762937,0.00996777,0.0321057,0.0403618,0.0157293,0.0368891,0.0122976,0.0286266,0.0379847,0.0408547,0.0113662,0.0361665,0.0264788,0.0245701,0.0308201,0.239302,0.245971,0.0371559,0.0039676,0.0130908
N1,170,0.0593373,0.00614104,0.0566615,0.0508547,0.0130178,0.0372241,0.0212843,0.0208937,0.0479963,0.0327185,0.00856903,0.158112,0.247328,0.0325851,0.0347054,0.0859907,0.0444798,0.0263649,0.00345191,0.0122837
N1,171,0.0560768,0.00778332,0.0482501,0.0481259,0.0149265,0.0373875,0.017552,0.0256366,0.0482802,0.0371824,0.0106732,0.210337,0.0221284,0.0294121,0.0350542,0.0908061,0.210823,0.0318709,0.00382244,0.0138708
N1,172,0.0895956,0.0114467,0.0299507,0.0379682,0.0180694,0.0373708,0.0119056,0.0372791,0.0350591,0.0493739,0.0132112,0.0377071,0.0259886,0.0232525,0.0289524,0.331538,0.108868,0.0541755,0.00425549,0.0140318
N1,173,0.0565636,0.00669259,0.0556791,0.0456097,0.0121727,0.307028,0.0147884,0.0188035,0.0388748,0.0288832,0.00774563,0.199351,0.0194974,0.0240383,0.0308834,0.0626707,0.0323199,0.0234921,0.00354148,0.0113638
N1,174,0.0903482,0.00915272,0.16797,0.0933926,0.0187004,0.0344611,0.0143302,0.0459054,0.0381011,0.0544457,0.0153097,0.0439392,0.0242192,0.0295606,0.0285129,0.0542022,0.0622216,0.15543,0.00422324,0.0155739
N1,175,0.0681848,0.0138613,0.0310297,0.0343611,0.0503917,0.208872,0.038516,0.027124,0.0316212,0.0468107,0.0123456,0.0445677,0.0181928,0.0232981,0.0314575,0.0582185,0.0308176,0.033341,0.0158746,0.181114
N1,176,0.024076,0.00587206,0.0132274,0.018197,0.0857268,0.0150249,0.014611,0.0258179,0.0180337,0.0505675,0.0106921,0.0124081,0.0111289,0.0124252,0.0178604,0.0185837,0.0165183,0.0265316,0.325921,0.276777
N1,177,0.0404135,0.00518269,0.0375418,0.0756193,0.0135172,0.0265009,0.0215782,0.0211955,0.0644532,0.0350571,0.00968968,0.0293471,0.0209924,0.439612,0.0538435,0.034952,0.0287646,0.0250751,0.00383493,0.0128292
N1,178,0.0351604,0.00432956,0.0200718,0.0273152,0.0109121,0.0208609,0.0078651,0.01786,0.0237638,0.0280813,0.00678881,0.0154132,0.663493,0.0156199,0.0200655,0.0277907,0.0211983,0.0215128,0.0029109,0.00898667
N1,179,0.0350779,0.00895236,0.0161317,0.0227543,0.124567,0.0174205,0.0200057,0.0540139,0.0235135,0.116926,0.145755,0.0169394,0.013839,0.0183187,0.0222414,0.0255845,0.0261497,0.0494143,0.016358,0.226037
N1,180,0.0611179,0.00838124,0.0329685,0.0478026,0.0141696,0.0377326,0.0195043,0.0226221,0.0864409,0.0357879,0.0099675,0.0408989,0.0254232,0.0410507,0.23178,0.188255,0.0502276,0.0279716,0.00437605,0.0135214
N1,181,0.249912,0.0124975,0.0207503,0.0307872,0.0224155,0.0296346,0.00948411,0.0688077,0.0274744,0.0738422,0.018908,0.0188329,0.0222271,0.0189265,0.0233251,0.0429554,0.0469203,0.242935,0.00463552,0.0147281
N1,182,0.0453353,0.00821,0.0156292,0.0228735,0.0329271,0.0182899,0.00841712,0.134014,0.0226802,0.147896,0.165096,0.0144103,0.0151674,0.0158692,0.0197788,0.0257551,0.0335728,0.231268,0.00563267,0.0171781
N1,183,0.249912,0.0124975,0.0207503,0.0307872,0.0224155,0.0296346,0.00948411,0.0688077,0.0274744,0.0738422,0.018908,0.0188329,0.0222271,0.0189265,0.0233251,0.0429554,0.0469203,0.242935,0.00463552,0.0147281
N1,184,0.0339969,0.00669176,0.0137326,0.0198121,0.0382652,0.0157831,0.00776441,0.247699,0.0195916,0.335599,0.0342677,0.0125577,0.0136117,0.0135546,0.01745,0.0216068,0.0244706,0.0996149,0.00591849,0.0180112
N1,185,0.0762777,0.00996602,0.0320787,0.0403429,0.0157325,0.0368517,0.012277,0.0286606,0.0379757,0.04089,0.011376,0.0361359,0.0264693,0.0245596,0.0308065,0.238846,0.246506,0.0371969,0.00396679,0.013084
N1,186,0.030263,0.00703978,0.0133234,0.0188781,0.267434,0.0151933,0.0098463,0.0667899,0.0186562,0.31584,0.0285526,0.0124531,0.0127582,0.0131644,0.0170494,0.0207038,0.0210086,0.0557862,0.0117757,0.043484
N1,187,0.0412902,0.00481293,0.0547301,0.268415,0.011515,0.0282163,0.0142217,0.0187426,0.247829,0.0294044,0.0080643,0.0337739,0.020414,0.0560205,0.0604596,0.0358486,0.0293824,0.0228645,0.00328335,0.0107121
N1,188,0.0594353,0.00738282,0.0196419,0.0293552,0.0269304,0.0217266,0.0115129,0.051516,0.0286338,0.240644,0.0216607,0.017513,0.260925,0.0229333,0.0256108,0.0379881,0.0350438,0.0599873,0.00528795,0.0162709
N1,189,0.0565527,0.00969373,0.0191815,0.0280617,0.0314541,0.0217142,0.0110731,0.0874272,0.029251,0.247151,0.0426326,0.0196634,0.0196157,0.0219101,0.0255703,0.0426566,0.171367,0.0910152,0.00573351,0.0182745
N1,190,0.0418933,0.00600132,0.0430762,0.0525794,0.0131621,0.0346533,0.0304457,0.0201177,0.112786,0.0319112,0.00881012,0.184416,0.0198518,0.0445736,0.22817,0.0501601,0.0355255,0.0240855,0.00399152,0.0137892
N1,191,0.24277,0.0109199,0.0286971,0.0400817,0.0165304,0.0388581,0.0111848,0.0344067,0.0357797,0.0461567,0.0134256,0.027648,0.0269361,0.0239271,0.0288492,0.0922666,0.212853,0.0517127,0.00401998,0.012977
N1,192,0.0764612,0.00704123,0.0308488,0.0394067,0.01337,0.0339999,0.0117318,0.0223115,0.034378,0.0346125,0.00880398,0.0263881,0.322423,0.0237658,0.0285293,0.196914,0.0454559,0.028741,0.00351721,0.0113007
N1,193,0.466091,0.0109144,0.027318,0.0388251,0.0160436,0.0494095,0.0102933,0.0311105,0.0318229,0.0438166,0.0115608,0.0233037,0.0281021,0.0217086,0.0264649,0.0606945,0.0417448,0.0443077,0.00396707,0.0125015
N1,194,0.0613109,0.00860183,0.0280593,0.0373205,0.0164841,0.0297231,0.0113518,0.0343896,0.0364429,0.0458825,0.0129455,0.0291723,0.0231981,0.0229588,0.0292707,0.068579,0.443237,0.0440294,0.00398971,0.0130533
N1,195,0.0459481,0.00842683,0.0154916,0.0223996,0.0270386,0.0185297,0.00786383,0.123984,0.0213349,0.101159,0.021439,0.0140206,0.0155319,0.0144034,0.0185502,0.0256485,0.031049,0.446918,0.00490986,0.0153528
