53
Hp-BCoV_Zhejiang_2013_KF636752/1-3744                          0.0000000 8.9999986 8.9999987 8.9999986 8.9999986 8.9999986 8.9999986 8.9999986 8.9999985 8.9999986 8.9999985 8.9999985 8.9999985 8.9999985 8.9999985 8.9999985 8.9999986 8.9999987 8.9999986 8.9999986 8.9999986 8.9999986 8.9999985 8.9999985 8.9999986 8.9999986 8.9999986 8.9999986 8.9999985 8.9999986 8.9999985 8.9999984 8.9999985 8.9999986 8.9999985 8.9999986 8.9999986 8.9999986 8.9999986 8.9999986 8.9999987 8.9999986 8.9999986 8.9999986 8.9999986 8.9999986 8.9999986 8.9999987 8.9999984 8.9999983 8.9999986 8.9999986 8.9999982 
SARS-CoV-2_MN908947/1-3819                                     8.9999986 0.0000000 0.3103803 1.8328498 1.5002051 6.0907267 5.7728751 8.9999988 8.9999983 8.9999982 8.7245691 8.6542130 8.6537118 8.6612507 8.9999986 8.9908904 8.9999990 8.9999981 8.9999981 8.9999984 8.9999987 8.9999985 8.9999982 8.9999989 8.9999990 3.4404811 8.9999982 8.9999990 8.9999989 8.9999990 8.9999985 8.7993845 8.8768618 8.8695186 8.9711779 8.8063424 8.7917790 8.9999983 8.5572553 8.9999985 8.9999989 8.9999987 8.9999984 8.9999984 8.9999986 8.9999985 8.9999984 8.9999987 8.9999981 8.9999984 8.9999988 8.9999983 8.9999981 
RaTG13_MN996532/1-3807                                         8.9999987 0.3103803 0.0000000 1.9167608 1.7795063 5.9538452 5.7092539 8.9999985 8.9735227 8.9999986 8.6071784 8.6645065 8.6767584 8.6088508 8.9999988 8.8410156 8.9999984 8.9999981 8.9999990 8.9999984 8.9999987 8.9999986 8.9999982 8.9999989 8.9999990 3.7507796 8.9999990 8.9999990 8.9999986 8.9999990 8.9999985 8.6565188 8.8504016 8.7350986 8.9353221 8.8124333 8.7860927 8.8787094 8.1651751 8.9999986 8.9999980 8.9999987 8.9999986 8.9999986 8.9999985 8.9999985 8.9999986 8.9999986 8.9999982 8.9999986 8.9999988 8.9999984 8.9999983 
Pangolin_GX-P2V_EPI_ISL_410542/1-3807                          8.9999986 1.8328498 1.9167608 0.0000000 3.0950944 6.4118585 6.1143232 8.9999990 8.9999985 8.9999990 8.8425827 8.9886347 8.9999987 8.9759358 8.9999980 8.9999981 8.9999990 8.9999989 8.9999980 8.9999989 8.9999982 8.9999981 8.9429484 8.8412195 8.9999984 6.1716796 8.9999982 8.9999989 8.9999980 8.9999989 8.9999982 8.7739998 8.7476172 8.6564488 8.8810294 8.5638753 8.5192326 8.9519118 8.8148338 8.9999987 8.9999990 8.9999987 8.9999986 8.9999987 8.9999986 8.9999988 8.9999989 8.9999986 8.9999982 8.9999986 8.9999987 8.9999985 8.9999983 
Pangolin_GD-consensus_EPI_ISL_410544-Lam2020_supplement/1-3810 8.9999986 1.5002051 1.7795063 3.0950944 0.0000000 3.6607887 3.4838426 8.9999984 8.9999986 8.9999986 8.7760303 8.7371385 8.7624915 8.8580767 8.9999980 8.7157246 8.9999987 8.9999989 8.9999982 8.9999987 8.9999989 8.9999990 8.9859769 8.9999985 8.9999983 3.8496210 8.9999989 8.9999987 8.9999983 8.9999982 8.9999981 8.8013360 8.8582573 8.6944015 8.9076577 8.6310221 8.6007672 8.7508688 8.6601605 8.9999987 8.9999989 8.9999988 8.9999986 8.9999985 8.9999984 8.9999985 8.9999983 8.9999986 8.9999984 8.9999985 8.9999988 8.9999983 8.9999981 
ZXC21_MG772934/1-3735                                          8.9999986 6.0907267 5.9538452 6.4118585 3.6607887 0.0000000 0.1064331 6.1600712 6.0216099 5.8874841 5.7053398 5.6580530 5.6898281 5.5916386 6.0515464 5.7850662 5.9670588 6.1880889 6.0476304 6.3317677 6.4962793 6.3648761 5.5962166 5.5790578 5.6149280 8.9999989 6.6214734 7.2889259 7.8008432 7.4578309 8.7846199 8.7493005 8.7636473 8.6046308 8.6362431 8.6907830 8.6562421 8.5459462 8.9999990 8.9999988 8.9999982 8.9999987 8.9999987 8.9999987 8.9999984 8.9999988 8.9999982 8.9999986 8.9999982 8.9999984 8.9999988 8.9999982 8.9999989 
ZC45_MG772933/1-3738                                           8.9999986 5.7728751 5.7092539 6.1143232 3.4838426 0.1064331 0.0000000 6.1947214 5.9785762 6.0027743 5.7939665 5.8023349 5.8162446 5.6848278 6.1949843 5.7721395 5.7966272 6.1858221 6.0871419 6.1560035 6.3203786 6.2487064 5.6106014 5.5745574 5.6857830 8.9999983 6.6685826 7.1596238 7.9291407 7.5685832 8.6945129 8.6875624 8.7044280 8.4636361 8.5329229 8.6038308 8.5693505 8.4185444 8.9999987 8.9999989 8.9999990 8.9999987 8.9999987 8.9999986 8.9999984 8.9999988 8.9999982 8.9999986 8.9999981 8.9999984 8.9999987 8.9999982 8.9999989 
As6526_KY417142/1-3723                                         8.9999986 8.9999988 8.9999985 8.9999990 8.9999984 6.1600712 6.1947214 0.0000000 0.1608302 0.2447039 1.0386893 0.9742288 0.9829012 1.0258016 0.7135510 0.4993649 0.6507851 1.1650180 0.4764186 2.0655163 2.1090785 2.1466436 1.7900367 1.8207313 1.3770394 5.4539319 2.1313715 5.6526405 8.3638002 8.5065684 6.0407220 5.6340197 5.6205526 5.8087684 5.9020716 5.8666725 5.8140166 5.2808362 8.9999985 8.9999981 8.9999990 8.9999990 8.9999985 8.9999990 8.9999981 8.9999980 8.9999982 8.9999986 8.9999984 8.9999987 8.9999988 8.9999985 8.9999984 
Rs4237_KY417147/1-3723                                         8.9999985 8.9999983 8.9735227 8.9999985 8.9999986 6.0216099 5.9785762 0.1608302 0.0000000 0.1134901 1.0602493 1.0689368 1.0781061 0.9943910 0.6956361 0.5264046 0.7257548 1.0910253 0.3252768 1.9822287 2.0239972 2.0715603 1.9115497 1.9232062 1.6198351 5.4166781 2.4614560 5.5296440 8.1897295 8.4064297 5.9799382 5.5881956 5.6532314 5.7602013 5.8725712 5.8225658 5.7872954 5.2806273 8.9999985 8.9999984 8.9999986 8.9999990 8.9999987 8.9999987 8.9999980 8.9999981 8.9999983 8.9999986 8.9999982 8.9999987 8.9999988 8.9999985 8.9999983 
Rs4247_KY417148/1-3726                                         8.9999986 8.9999982 8.9999986 8.9999990 8.9999986 5.8874841 6.0027743 0.2447039 0.1134901 0.0000000 0.8648879 0.8889208 0.8971757 0.8359242 0.5831629 0.5246360 0.7236150 1.1386655 0.5361007 2.0026767 2.0298287 2.1205050 2.0326459 1.7144327 1.5172261 5.4558745 2.2756113 5.6292626 8.1115009 8.2338463 6.0234292 5.5979424 5.7007185 5.8147436 5.8963296 5.8814001 5.8461262 5.5429042 8.9999985 8.9999984 8.9999990 8.9999980 8.9999989 8.9999982 8.9999985 8.9999981 8.9999982 8.9999986 8.9999982 8.9999985 8.9999988 8.9999986 8.9999984 
HKU3-8_GQ153543/1-3726                                         8.9999985 8.7245691 8.6071784 8.8425827 8.7760303 5.7053398 5.7939665 1.0386893 1.0602493 0.8648879 0.0000000 0.2467187 0.2341404 0.3136798 0.4769461 0.9239335 0.9923573 1.7325192 1.8113672 2.5147386 2.5761991 2.5873333 2.4780079 2.0538901 3.1728215 5.2912737 4.5992032 6.6499794 8.2884335 8.0290782 6.8229365 6.4251559 6.3197443 6.5565062 6.5377424 6.5552486 6.5353328 6.0759600 8.9999980 8.9999984 8.9999981 8.9999981 8.9999990 8.9999980 8.9999988 8.9999983 8.9999984 8.9999986 8.9999984 8.9999984 8.9999984 8.9999985 8.9999984 
HKU3-13_GQ153548/1-3726                                        8.9999985 8.6542130 8.6645065 8.9886347 8.7371385 5.6580530 5.8023349 0.9742288 1.0689368 0.8889208 0.2467187 0.0000000 0.0074118 0.2056243 0.5022956 0.9152049 1.0244770 1.7777312 1.8074976 2.4164773 2.4731143 2.5195911 2.5123138 2.1407464 3.1328672 5.1858195 4.5816711 6.2784953 8.0165078 7.9667331 6.6407525 6.3472014 6.2678039 6.4567487 6.4734137 6.4724418 6.4614880 6.1426613 8.9999985 8.9999990 8.9999981 8.9999980 8.9999990 8.9999980 8.9999990 8.9999984 8.9999984 8.9999986 8.9999984 8.9999984 8.9999984 8.9999984 8.9999982 
HKU3-1_DQ022305/1-3726                                         8.9999985 8.6537118 8.6767584 8.9999987 8.7624915 5.6898281 5.8162446 0.9829012 1.0781061 0.8971757 0.2341404 0.0074118 0.0000000 0.1993330 0.5002859 0.9306927 1.0353060 1.7764069 1.8245546 2.4301333 2.4893996 2.5335169 2.5143100 2.1252000 3.1315020 5.2110447 4.5997020 6.3335791 8.0497454 7.9873918 6.6928059 6.4159725 6.3235516 6.5013182 6.5179801 6.5133704 6.4935199 6.1288266 8.9999985 8.9999990 8.9999981 8.9999980 8.9999990 8.9999980 8.9999990 8.9999983 8.9999984 8.9999986 8.9999984 8.9999984 8.9999984 8.9999984 8.9999982 
Longquan-140_KF294457/1-3726                                   8.9999985 8.6612507 8.6088508 8.9759358 8.8580767 5.5916386 5.6848278 1.0258016 0.9943910 0.8359242 0.3136798 0.2056243 0.1993330 0.0000000 0.4599787 0.9052927 0.9893679 1.7516397 1.7678172 2.4753543 2.5121658 2.5742400 2.3652425 2.0987947 3.1251501 5.1362610 4.5215516 6.2629147 7.9975849 7.9281585 6.7739408 6.4397794 6.4036247 6.5500389 6.5685439 6.6031349 6.5832097 6.1709464 8.9999980 8.9999990 8.9999982 8.9999982 8.9999990 8.9999980 8.9999989 8.9999984 8.9999983 8.9999986 8.9999984 8.9999985 8.9999983 8.9999985 8.9999983 
GX2013_KJ473815/1-3726                                         8.9999985 8.9999986 8.9999988 8.9999980 8.9999980 6.0515464 6.1949843 0.7135510 0.6956361 0.5831629 0.4769461 0.5022956 0.5002859 0.4599787 0.0000000 0.6416223 0.6969142 1.2973400 1.2278326 2.3176423 2.3510717 2.4005066 1.8320529 1.5395577 2.2470969 5.5487467 3.5032479 5.9938567 8.5358661 8.6528139 6.0967443 5.8253196 5.9573357 5.9462477 6.0376718 5.9194231 5.9114908 5.3983607 8.9999985 8.9999988 8.9999980 8.9999980 8.9999982 8.9999986 8.9999984 8.9999982 8.9999983 8.9999987 8.9999983 8.9999986 8.9999986 8.9999984 8.9999984 
Rp3_DQ071615/1-3723                                            8.9999985 8.9908904 8.8410156 8.9999981 8.7157246 5.7850662 5.7721395 0.4993649 0.5264046 0.5246360 0.9239335 0.9152049 0.9306927 0.9052927 0.6416223 0.0000000 0.4657923 1.2864728 1.0769746 2.0542677 2.1025013 2.0847439 1.5319149 1.4749040 2.3256540 5.3975961 3.0671194 5.4916261 7.8256128 7.9194827 5.7720737 5.5280265 5.6651972 5.6213313 5.7324479 5.7137071 5.6789415 5.2946052 8.9999985 8.9999987 8.9999987 8.9999980 8.9999990 8.9999980 8.9999985 8.9999982 8.9999985 8.9999988 8.9999984 8.9999984 8.9999988 8.9999986 8.9999984 
279-2005_DQ648857/1-3723                                       8.9999986 8.9999990 8.9999984 8.9999990 8.9999987 5.9670588 5.7966272 0.6507851 0.7257548 0.7236150 0.9923573 1.0244770 1.0353060 0.9893679 0.6969142 0.4657923 0.0000000 1.2687621 1.1435211 2.1351474 2.1496362 2.1577762 1.4653364 1.2325121 2.4889148 5.4042107 3.3835573 5.7027711 8.5135123 8.5896209 5.7024231 5.4723794 5.5556219 5.5682591 5.6585909 5.6868061 5.6511457 5.2994778 8.9999988 8.9999989 8.9999982 8.9999990 8.9999983 8.9999990 8.9999980 8.9999982 8.9999982 8.9999986 8.9999983 8.9999986 8.9999988 8.9999983 8.9999982 
Yunnan2011_JX993988/1-3723                                     8.9999987 8.9999981 8.9999981 8.9999989 8.9999989 6.1880889 6.1858221 1.1650180 1.0910253 1.1386655 1.7325192 1.7777312 1.7764069 1.7516397 1.2973400 1.2864728 1.2687621 0.0000000 1.4033302 2.4231864 2.4744213 2.4401236 2.0407406 2.1000242 2.6846191 5.8730522 3.7316929 5.7625526 8.3802587 8.5559752 5.6070457 5.4149234 5.5501828 5.7596227 5.7780443 5.8610450 5.8499819 4.1910265 8.9999982 8.9999987 8.9999983 8.9999987 8.9999980 8.9999984 8.9999985 8.9999982 8.9999990 8.9999986 8.9999982 8.9999986 8.9999989 8.9999983 8.9999984 
Rs4081_KY417143/1-3723                                         8.9999986 8.9999981 8.9999990 8.9999980 8.9999982 6.0476304 6.0871419 0.4764186 0.3252768 0.5361007 1.8113672 1.8074976 1.8245546 1.7678172 1.2278326 1.0769746 1.1435211 1.4033302 0.0000000 2.7368924 2.7980702 2.8231490 1.9245393 1.8550728 1.5448962 6.3596598 2.3008132 5.3596490 8.0742246 8.1473146 5.8757883 5.5153682 5.5714376 5.6490852 5.8387085 5.6992980 5.6626541 5.4847784 8.9999988 8.9999981 8.9999988 8.9999990 8.9999990 8.9999990 8.9999986 8.9999990 8.9999982 8.9999986 8.9999982 8.9999988 8.9999988 8.9999986 8.9999984 
Rf1_DQ412042/1-3723                                            8.9999986 8.9999984 8.9999984 8.9999989 8.9999987 6.3317677 6.1560035 2.0655163 1.9822287 2.0026767 2.5147386 2.4164773 2.4301333 2.4753543 2.3176423 2.0542677 2.1351474 2.4231864 2.7368924 0.0000000 0.0073202 0.0500763 3.3685332 3.5272025 4.2246142 6.4198223 5.3421842 1.0661058 8.5522826 8.7009035 7.7074333 7.0597084 7.3660914 7.2106378 7.5092545 7.3373563 7.2996132 7.2958096 8.9999990 8.9999982 8.9999983 8.9999990 8.9999989 8.9999980 8.9999983 8.9999982 8.9999985 8.9999987 8.9999990 8.9999984 8.9999985 8.9999980 8.9999990 
273-2005_DQ648856/1-3723                                       8.9999986 8.9999987 8.9999987 8.9999982 8.9999989 6.4962793 6.3203786 2.1090785 2.0239972 2.0298287 2.5761991 2.4731143 2.4893996 2.5121658 2.3510717 2.1025013 2.1496362 2.4744213 2.7980702 0.0073202 0.0000000 0.0549800 3.4247451 3.5830499 4.3390164 6.4275967 5.4642174 1.0975993 8.7240757 8.8707139 7.6818358 7.0320585 7.4015865 7.1832389 7.4816336 7.3731393 7.3349642 7.2942435 8.9999990 8.9999982 8.9999983 8.9999989 8.9999986 8.9999987 8.9999983 8.9999982 8.9999985 8.9999987 8.9999990 8.9999984 8.9999985 8.9999981 8.9999980 
HeB2013_KJ473812/1-3723                                        8.9999986 8.9999985 8.9999986 8.9999981 8.9999990 6.3648761 6.2487064 2.1466436 2.0715603 2.1205050 2.5873333 2.5195911 2.5335169 2.5742400 2.4005066 2.0847439 2.1577762 2.4401236 2.8231490 0.0500763 0.0549800 0.0000000 3.3804190 3.5525675 4.3866623 6.5431064 5.4894201 1.1592667 8.5494781 8.7879006 7.6283575 7.0689314 7.3498200 7.2665720 7.5373606 7.3917048 7.3539275 7.2596816 8.9999990 8.9999981 8.9999982 8.9999989 8.9999987 8.9999981 8.9999981 8.9999982 8.9999985 8.9999987 8.9999981 8.9999986 8.9999985 8.9999981 8.9999980 
Shaanxi2011_JX993987/1-3720                                    8.9999985 8.9999982 8.9999982 8.9429484 8.9859769 5.5962166 5.6106014 1.7900367 1.9115497 2.0326459 2.4780079 2.5123138 2.5143100 2.3652425 1.8320529 1.5319149 1.4653364 2.0407406 1.9245393 3.3685332 3.4247451 3.3804190 0.0000000 0.5250362 2.8580094 7.6916546 4.0184989 5.6550830 8.7388685 8.6788304 5.2394530 5.2400818 5.4553295 5.3502597 5.4723649 5.5373439 5.5020274 5.1511791 8.9999984 8.9999980 8.9999982 8.9999980 8.9999990 8.9999988 8.9999986 8.9999982 8.9999982 8.9999986 8.9999985 8.9999984 8.9999986 8.9999984 8.9999984 
HuB2013_KJ473814/1-3723                                        8.9999985 8.9999989 8.9999989 8.8412195 8.9999985 5.5790578 5.5745574 1.8207313 1.9232062 1.7144327 2.0538901 2.1407464 2.1252000 2.0987947 1.5395577 1.4749040 1.2325121 2.1000242 1.8550728 3.5272025 3.5830499 3.5525675 0.5250362 0.0000000 2.6415100 7.6097035 3.4923480 5.7570377 8.8396151 8.7172194 5.1696313 5.3232179 5.3585238 5.5338729 5.5620932 5.5989884 5.5352689 5.0208224 8.9999988 8.9999990 8.9999981 8.9999981 8.9999985 8.9999989 8.9999986 8.9999981 8.9999982 8.9999987 8.9999982 8.9999983 8.9999988 8.9999983 8.9999983 
YN2013_KJ473816/1-3699                                         8.9999986 8.9999990 8.9999990 8.9999984 8.9999983 5.6149280 5.6857830 1.3770394 1.6198351 1.5172261 3.1728215 3.1328672 3.1315020 3.1251501 2.2470969 2.3256540 2.4889148 2.6846191 1.5448962 4.2246142 4.3390164 4.3866623 2.8580094 2.6415100 0.0000000 8.9999986 1.6709197 5.9354915 8.6065038 8.6781533 5.7121999 5.5205928 5.5711772 5.1008011 5.1594864 5.1976016 5.1637551 4.8807418 8.9999989 8.9999983 8.9999985 8.9999986 8.9999984 8.9999984 8.9999984 8.9999986 8.9999986 8.9999982 8.9999983 8.9999986 8.9999988 8.9999981 8.9999983 
RshSTT182_EPI_ISL_852604/1-3753                                8.9999986 3.4404811 3.7507796 6.1716796 3.8496210 8.9999989 8.9999983 5.4539319 5.4166781 5.4558745 5.2912737 5.1858195 5.2110447 5.1362610 5.5487467 5.3975961 5.4042107 5.8730522 6.3596598 6.4198223 6.4275967 6.5431064 7.6916546 7.6097035 8.9999986 0.0000000 8.9999989 8.9999990 8.9725642 8.9999989 8.9999982 8.9999981 8.9999988 8.9624734 8.9999986 8.8735959 8.8253018 8.9999989 8.9999981 8.9999982 8.9999986 8.9999983 8.9999981 8.9999981 8.9999982 8.9999983 8.9999982 8.9999985 8.9999983 8.9999984 8.9999987 8.9999983 8.9999990 
Rf4092_KY417145/1-3702                                         8.9999986 8.9999982 8.9999990 8.9999982 8.9999989 6.6214734 6.6685826 2.1313715 2.4614560 2.2756113 4.5992032 4.5816711 4.5997020 4.5215516 3.5032479 3.0671194 3.3835573 3.7316929 2.3008132 5.3421842 5.4642174 5.4894201 4.0184989 3.4923480 1.6709197 8.9999989 0.0000000 1.2964809 5.4731166 5.5563021 7.4364849 7.3135014 7.3566784 7.4753488 7.5270857 7.5644716 7.5381860 6.4842309 8.9999985 8.9999984 8.9999988 8.9999989 8.9999987 8.9999987 8.9999986 8.9999988 8.9999988 8.9999986 8.9999984 8.9999986 8.9999986 8.9999987 8.9999984 
JL2012_KJ473811/1-3708                                         8.9999986 8.9999990 8.9999990 8.9999989 8.9999987 7.2889259 7.1596238 5.6526405 5.5296440 5.6292626 6.6499794 6.2784953 6.3335791 6.2629147 5.9938567 5.4916261 5.7027711 5.7625526 5.3596490 1.0661058 1.0975993 1.1592667 5.6550830 5.7570377 5.9354915 8.9999990 1.2964809 0.0000000 6.1978319 6.4158881 8.7955624 8.6474675 8.8948162 8.7963385 8.9871293 8.8708079 8.8229400 8.6879166 8.9999990 8.9999986 8.9999989 8.9999985 8.9999984 8.9999984 8.9999985 8.9999989 8.9999983 8.9999987 8.9999990 8.9999985 8.9999983 8.9999982 8.9999990 
RmYN02_EPI_ISL_412977/1-3681                                   8.9999985 8.9999989 8.9999986 8.9999980 8.9999983 7.8008432 7.9291407 8.3638002 8.1897295 8.1115009 8.2884335 8.0165078 8.0497454 7.9975849 8.5358661 7.8256128 8.5135123 8.3802587 8.0742246 8.5522826 8.7240757 8.5494781 8.7388685 8.8396151 8.6065038 8.9725642 5.4731166 6.1978319 0.0000000 0.2407593 8.9999989 8.9999989 8.9999989 8.9999980 8.9999980 8.9999990 8.9999990 8.9999989 8.9999989 8.9999980 8.9999983 8.9999986 8.9999988 8.9999988 8.9999986 8.9999988 8.9999980 8.9999987 8.9999981 8.9999984 8.9999985 8.9999982 8.9999990 
RacCS203_MW251308/1-3681                                       8.9999986 8.9999990 8.9999990 8.9999989 8.9999982 7.4578309 7.5685832 8.5065684 8.4064297 8.2338463 8.0290782 7.9667331 7.9873918 7.9281585 8.6528139 7.9194827 8.5896209 8.5559752 8.1473146 8.7009035 8.8707139 8.7879006 8.6788304 8.7172194 8.6781533 8.9999989 5.5563021 6.4158881 0.2407593 0.0000000 8.9999990 8.9999990 8.9999990 8.9999982 8.9999982 8.9999982 8.9999982 8.9999989 8.9999981 8.9999989 8.9999983 8.9999987 8.9999988 8.9999989 8.9999984 8.9999987 8.9999988 8.9999986 8.9999980 8.9999984 8.9999984 8.9999981 8.9999980 
SARS_Urbani_AY278741/1-3765                                    8.9999985 8.9999985 8.9999985 8.9999982 8.9999981 8.7846199 8.6945129 6.0407220 5.9799382 6.0234292 6.8229365 6.6407525 6.6928059 6.7739408 6.0967443 5.7720737 5.7024231 5.6070457 5.8757883 7.7074333 7.6818358 7.6283575 5.2394530 5.1696313 5.7121999 8.9999982 7.4364849 8.7955624 8.9999989 8.9999990 0.0000000 0.1932875 0.3311603 0.5517131 0.4932533 0.8128714 0.7999799 2.0434886 8.9999986 8.9999981 8.9999981 8.9999989 8.9999988 8.9999984 8.9999988 8.9999982 8.9999984 8.9999986 8.9999983 8.9999987 8.9999983 8.9999984 8.9999982 
WIV16_KT444582/1-3765                                          8.9999984 8.7993845 8.6565188 8.7739998 8.8013360 8.7493005 8.6875624 5.6340197 5.5881956 5.5979424 6.4251559 6.3472014 6.4159725 6.4397794 5.8253196 5.5280265 5.4723794 5.4149234 5.5153682 7.0597084 7.0320585 7.0689314 5.2400818 5.3232179 5.5205928 8.9999981 7.3135014 8.6474675 8.9999989 8.9999990 0.1932875 0.0000000 0.1433661 0.2804521 0.4253488 0.4972705 0.4845362 1.8788890 8.9999987 8.9999982 8.9999982 8.9999989 8.9999983 8.9999982 8.9999988 8.9999981 8.9999983 8.9999986 8.9999981 8.9999988 8.9999983 8.9999985 8.9999982 
Rs4231_KY417146/1-3765                                         8.9999985 8.8768618 8.8504016 8.7476172 8.8582573 8.7636473 8.7044280 5.6205526 5.6532314 5.7007185 6.3197443 6.2678039 6.3235516 6.4036247 5.9573357 5.6651972 5.5556219 5.5501828 5.5714376 7.3660914 7.4015865 7.3498200 5.4553295 5.3585238 5.5711772 8.9999988 7.3566784 8.8948162 8.9999989 8.9999990 0.3311603 0.1433661 0.0000000 0.7371741 0.6971805 0.4112801 0.4057359 2.5720219 8.9999988 8.9999980 8.9999982 8.9999989 8.9999984 8.9999985 8.9999984 8.9999982 8.9999983 8.9999986 8.9999990 8.9999988 8.9999984 8.9999985 8.9999984 
WIV1_KF367457/1-3768                                           8.9999986 8.8695186 8.7350986 8.6564488 8.6944015 8.6046308 8.4636361 5.8087684 5.7602013 5.8147436 6.5565062 6.4567487 6.5013182 6.5500389 5.9462477 5.6213313 5.5682591 5.7596227 5.6490852 7.2106378 7.1832389 7.2665720 5.3502597 5.5338729 5.1008011 8.9624734 7.4753488 8.7963385 8.9999980 8.9999982 0.5517131 0.2804521 0.7371741 0.0000000 0.0794564 0.0839770 0.0773056 1.9386237 8.9999989 8.9999983 8.9999983 8.9999987 8.9999988 8.9999981 8.9999984 8.9999983 8.9999983 8.9999986 8.9999981 8.9999987 8.9999983 8.9999984 8.9999982 
Rs7327_KY417151/1-3768                                         8.9999985 8.9711779 8.9353221 8.8810294 8.9076577 8.6362431 8.5329229 5.9020716 5.8725712 5.8963296 6.5377424 6.4734137 6.5179801 6.5685439 6.0376718 5.7324479 5.6585909 5.7780443 5.8387085 7.5092545 7.4816336 7.5373606 5.4723649 5.5620932 5.1594864 8.9999986 7.5270857 8.9871293 8.9999980 8.9999982 0.4932533 0.4253488 0.6971805 0.0794564 0.0000000 0.1394717 0.1316627 1.9554619 8.9999989 8.9999982 8.9999982 8.9999982 8.9999986 8.9999982 8.9999983 8.9999983 8.9999982 8.9999986 8.9999982 8.9999986 8.9999984 8.9999985 8.9999982 
Rs4084_KY417144/1-3768                                         8.9999986 8.8063424 8.8124333 8.5638753 8.6310221 8.6907830 8.6038308 5.8666725 5.8225658 5.8814001 6.5552486 6.4724418 6.5133704 6.6031349 5.9194231 5.7137071 5.6868061 5.8610450 5.6992980 7.3373563 7.3731393 7.3917048 5.5373439 5.5989884 5.1976016 8.8735959 7.5644716 8.8708079 8.9999990 8.9999982 0.8128714 0.4972705 0.4112801 0.0839770 0.1394717 0.0000000 0.0047781 2.6553715 8.9999988 8.9999982 8.9999983 8.9999988 8.9999983 8.9999987 8.9999980 8.9999984 8.9999983 8.9999986 8.9999981 8.9999987 8.9999984 8.9999984 8.9999982 
RsSHC014_KC881005/1-3768                                       8.9999986 8.7917790 8.7860927 8.5192326 8.6007672 8.6562421 8.5693505 5.8140166 5.7872954 5.8461262 6.5353328 6.4614880 6.4935199 6.5832097 5.9114908 5.6789415 5.6511457 5.8499819 5.6626541 7.2996132 7.3349642 7.3539275 5.5020274 5.5352689 5.1637551 8.8253018 7.5381860 8.8229400 8.9999990 8.9999982 0.7999799 0.4845362 0.4057359 0.0773056 0.1316627 0.0047781 0.0000000 2.6379307 8.9999987 8.9999982 8.9999983 8.9999986 8.9999981 8.9999986 8.9999982 8.9999985 8.9999983 8.9999986 8.9999981 8.9999987 8.9999984 8.9999985 8.9999983 
LYRa11_KF569996/1-3777                                         8.9999986 8.9999983 8.8787094 8.9519118 8.7508688 8.5459462 8.4185444 5.2808362 5.2806273 5.5429042 6.0759600 6.1426613 6.1288266 6.1709464 5.3983607 5.2946052 5.2994778 4.1910265 5.4847784 7.2958096 7.2942435 7.2596816 5.1511791 5.0208224 4.8807418 8.9999989 6.4842309 8.6879166 8.9999989 8.9999989 2.0434886 1.8788890 2.5720219 1.9386237 1.9554619 2.6553715 2.6379307 0.0000000 8.9999981 8.9999982 8.9999984 8.9999984 8.9999982 8.9999981 8.9999982 8.9999982 8.9999986 8.9999986 8.9999980 8.9999987 8.9999986 8.9999983 8.9999982 
Rc-o319_LC556375/1-3705                                        8.9999986 8.5572553 8.1651751 8.8148338 8.6601605 8.9999990 8.9999987 8.9999985 8.9999985 8.9999985 8.9999980 8.9999985 8.9999985 8.9999980 8.9999985 8.9999985 8.9999988 8.9999982 8.9999988 8.9999990 8.9999990 8.9999990 8.9999984 8.9999988 8.9999989 8.9999981 8.9999985 8.9999990 8.9999989 8.9999981 8.9999986 8.9999987 8.9999988 8.9999989 8.9999989 8.9999988 8.9999987 8.9999981 0.0000000 8.9999987 8.9999986 8.9999987 8.9999986 8.9999986 8.9999984 8.9999988 8.9999988 8.9999987 8.9999983 8.9999982 8.9999988 8.9999987 8.9999984 
BM48-31_NC014470/1-3777                                        8.9999986 8.9999985 8.9999986 8.9999987 8.9999987 8.9999988 8.9999989 8.9999981 8.9999984 8.9999984 8.9999984 8.9999990 8.9999990 8.9999990 8.9999988 8.9999987 8.9999989 8.9999987 8.9999981 8.9999982 8.9999982 8.9999981 8.9999980 8.9999990 8.9999983 8.9999982 8.9999984 8.9999986 8.9999980 8.9999989 8.9999981 8.9999982 8.9999980 8.9999983 8.9999982 8.9999982 8.9999982 8.9999982 8.9999987 0.0000000 0.8979716 6.0524451 5.6462681 5.6672078 5.0439878 7.5010544 6.7051538 8.9999985 8.9999982 8.9999982 8.9999985 8.9999983 8.9999982 
BB9904_KR559017/1-3786                                         8.9999987 8.9999989 8.9999980 8.9999990 8.9999989 8.9999982 8.9999990 8.9999990 8.9999986 8.9999990 8.9999981 8.9999981 8.9999981 8.9999982 8.9999980 8.9999987 8.9999982 8.9999983 8.9999988 8.9999983 8.9999983 8.9999982 8.9999982 8.9999981 8.9999985 8.9999986 8.9999988 8.9999989 8.9999983 8.9999983 8.9999981 8.9999982 8.9999982 8.9999983 8.9999982 8.9999983 8.9999983 8.9999984 8.9999986 0.8979716 0.0000000 6.1598480 5.8701236 5.9604632 5.6048948 7.8683845 7.0784043 8.9999986 8.9999981 8.9999982 8.9999985 8.9999983 8.9999982 
BtKY72_KY352407/1-3771                                         8.9999986 8.9999987 8.9999987 8.9999987 8.9999988 8.9999987 8.9999987 8.9999990 8.9999990 8.9999980 8.9999981 8.9999980 8.9999980 8.9999982 8.9999980 8.9999980 8.9999990 8.9999987 8.9999990 8.9999990 8.9999989 8.9999989 8.9999980 8.9999981 8.9999986 8.9999983 8.9999989 8.9999985 8.9999986 8.9999987 8.9999989 8.9999989 8.9999989 8.9999987 8.9999982 8.9999988 8.9999986 8.9999984 8.9999987 6.0524451 6.1598480 0.0000000 0.4162220 0.4069423 3.2223649 7.5453433 7.5563263 8.9999986 8.9999989 8.9999986 8.9999984 8.9999990 8.9999989 
PRD-0038_726045/1-3768                                         8.9999986 8.9999984 8.9999986 8.9999986 8.9999986 8.9999987 8.9999987 8.9999985 8.9999987 8.9999989 8.9999990 8.9999990 8.9999990 8.9999990 8.9999982 8.9999990 8.9999983 8.9999980 8.9999990 8.9999989 8.9999986 8.9999987 8.9999990 8.9999985 8.9999984 8.9999981 8.9999987 8.9999984 8.9999988 8.9999988 8.9999988 8.9999983 8.9999984 8.9999988 8.9999986 8.9999983 8.9999981 8.9999982 8.9999986 5.6462681 5.8701236 0.4162220 0.0000000 0.0490287 2.9437107 7.3286079 7.5445395 8.9999986 8.9999980 8.9999984 8.9999985 8.9999990 8.9999990 
PDF-2370_MT726044/1-3765                                       8.9999986 8.9999984 8.9999986 8.9999987 8.9999985 8.9999987 8.9999986 8.9999990 8.9999987 8.9999982 8.9999980 8.9999980 8.9999980 8.9999980 8.9999986 8.9999980 8.9999990 8.9999984 8.9999990 8.9999980 8.9999987 8.9999981 8.9999988 8.9999989 8.9999984 8.9999981 8.9999987 8.9999984 8.9999988 8.9999989 8.9999984 8.9999982 8.9999985 8.9999981 8.9999982 8.9999987 8.9999986 8.9999981 8.9999986 5.6672078 5.9604632 0.4069423 0.0490287 0.0000000 2.8972860 7.3270550 7.6164944 8.9999986 8.9999981 8.9999985 8.9999985 8.9999990 8.9999980 
Khosta-1_MZ190137/1-3762                                       8.9999986 8.9999986 8.9999985 8.9999986 8.9999984 8.9999984 8.9999984 8.9999981 8.9999980 8.9999985 8.9999988 8.9999990 8.9999990 8.9999989 8.9999984 8.9999985 8.9999980 8.9999985 8.9999986 8.9999983 8.9999983 8.9999981 8.9999986 8.9999986 8.9999984 8.9999982 8.9999986 8.9999985 8.9999986 8.9999984 8.9999988 8.9999988 8.9999984 8.9999984 8.9999983 8.9999980 8.9999982 8.9999982 8.9999984 5.0439878 5.6048948 3.2223649 2.9437107 2.8972860 0.0000000 6.0647988 6.3197198 8.9999990 8.9999981 8.9999986 8.9999988 8.9999981 8.9999981 
Khosta-2_MZ190138/1-3759                                       8.9999986 8.9999985 8.9999985 8.9999988 8.9999985 8.9999988 8.9999988 8.9999980 8.9999981 8.9999981 8.9999983 8.9999984 8.9999983 8.9999984 8.9999982 8.9999982 8.9999982 8.9999982 8.9999990 8.9999982 8.9999982 8.9999982 8.9999982 8.9999981 8.9999986 8.9999983 8.9999988 8.9999989 8.9999988 8.9999987 8.9999982 8.9999981 8.9999982 8.9999983 8.9999983 8.9999984 8.9999985 8.9999982 8.9999988 7.5010544 7.8683845 7.5453433 7.3286079 7.3270550 6.0647988 0.0000000 4.0204908 8.9999985 8.9999989 8.9999982 8.9999986 8.9999981 8.9999981 
RhGB01_MW719567/1-3768                                         8.9999986 8.9999984 8.9999986 8.9999989 8.9999983 8.9999982 8.9999982 8.9999982 8.9999983 8.9999982 8.9999984 8.9999984 8.9999984 8.9999983 8.9999983 8.9999985 8.9999982 8.9999990 8.9999982 8.9999985 8.9999985 8.9999985 8.9999982 8.9999982 8.9999986 8.9999982 8.9999988 8.9999983 8.9999980 8.9999988 8.9999984 8.9999983 8.9999983 8.9999983 8.9999982 8.9999983 8.9999983 8.9999986 8.9999988 6.7051538 7.0784043 7.5563263 7.5445395 7.6164944 6.3197198 4.0204908 0.0000000 8.9999987 8.9999989 8.9999990 8.9999988 8.9999984 8.9999984 
RsYN04_EPI_ISL_1699444/1-3756                                  8.9999987 8.9999987 8.9999986 8.9999986 8.9999986 8.9999986 8.9999986 8.9999986 8.9999986 8.9999986 8.9999986 8.9999986 8.9999986 8.9999986 8.9999987 8.9999988 8.9999986 8.9999986 8.9999986 8.9999987 8.9999987 8.9999987 8.9999986 8.9999987 8.9999982 8.9999985 8.9999986 8.9999987 8.9999987 8.9999986 8.9999986 8.9999986 8.9999986 8.9999986 8.9999986 8.9999986 8.9999986 8.9999986 8.9999987 8.9999985 8.9999986 8.9999986 8.9999986 8.9999986 8.9999990 8.9999985 8.9999987 0.0000000 8.9999982 8.9999985 8.9999990 8.9999981 8.9999981 
Rousettus_CoV_HKU9_MG762674/1-3633                             8.9999984 8.9999981 8.9999982 8.9999982 8.9999984 8.9999982 8.9999981 8.9999984 8.9999982 8.9999982 8.9999984 8.9999984 8.9999984 8.9999984 8.9999983 8.9999984 8.9999983 8.9999982 8.9999982 8.9999990 8.9999990 8.9999981 8.9999985 8.9999982 8.9999983 8.9999983 8.9999984 8.9999990 8.9999981 8.9999980 8.9999983 8.9999981 8.9999990 8.9999981 8.9999982 8.9999981 8.9999981 8.9999980 8.9999983 8.9999982 8.9999981 8.9999989 8.9999980 8.9999981 8.9999981 8.9999989 8.9999989 8.9999982 0.0000000 8.9999984 8.9999985 8.9999981 8.9999988 
Bat_CoV_GCCDC1_MT350598/1-3672                                 8.9999983 8.9999984 8.9999986 8.9999986 8.9999985 8.9999984 8.9999984 8.9999987 8.9999987 8.9999985 8.9999984 8.9999984 8.9999984 8.9999985 8.9999986 8.9999984 8.9999986 8.9999986 8.9999988 8.9999984 8.9999984 8.9999986 8.9999984 8.9999983 8.9999986 8.9999984 8.9999986 8.9999985 8.9999984 8.9999984 8.9999987 8.9999988 8.9999988 8.9999987 8.9999986 8.9999987 8.9999987 8.9999987 8.9999982 8.9999982 8.9999982 8.9999986 8.9999984 8.9999985 8.9999986 8.9999982 8.9999990 8.9999985 8.9999984 0.0000000 8.9999982 8.9999984 8.9999990 
MERS_CoV_NC_019843/1-3735                                      8.9999986 8.9999988 8.9999988 8.9999987 8.9999988 8.9999988 8.9999987 8.9999988 8.9999988 8.9999988 8.9999984 8.9999984 8.9999984 8.9999983 8.9999986 8.9999988 8.9999988 8.9999989 8.9999988 8.9999985 8.9999985 8.9999985 8.9999986 8.9999988 8.9999988 8.9999987 8.9999986 8.9999983 8.9999985 8.9999984 8.9999983 8.9999983 8.9999984 8.9999983 8.9999984 8.9999984 8.9999984 8.9999986 8.9999988 8.9999985 8.9999985 8.9999984 8.9999985 8.9999985 8.9999988 8.9999986 8.9999988 8.9999990 8.9999985 8.9999982 0.0000000 8.9999990 8.9999990 
OC43_KX344031/1-3519                                           8.9999986 8.9999983 8.9999984 8.9999985 8.9999983 8.9999982 8.9999982 8.9999985 8.9999985 8.9999986 8.9999985 8.9999984 8.9999984 8.9999985 8.9999984 8.9999986 8.9999983 8.9999983 8.9999986 8.9999980 8.9999981 8.9999981 8.9999984 8.9999983 8.9999981 8.9999983 8.9999987 8.9999982 8.9999982 8.9999981 8.9999984 8.9999985 8.9999985 8.9999984 8.9999985 8.9999984 8.9999985 8.9999983 8.9999987 8.9999983 8.9999983 8.9999990 8.9999990 8.9999990 8.9999981 8.9999981 8.9999984 8.9999981 8.9999981 8.9999984 8.9999990 0.0000000 8.9999981 
HKU1_KF686346/1-3486                                           8.9999982 8.9999981 8.9999983 8.9999983 8.9999981 8.9999989 8.9999989 8.9999984 8.9999983 8.9999984 8.9999984 8.9999982 8.9999982 8.9999983 8.9999984 8.9999984 8.9999982 8.9999984 8.9999984 8.9999990 8.9999980 8.9999980 8.9999984 8.9999983 8.9999983 8.9999990 8.9999984 8.9999990 8.9999990 8.9999980 8.9999982 8.9999982 8.9999984 8.9999982 8.9999982 8.9999982 8.9999983 8.9999982 8.9999984 8.9999982 8.9999982 8.9999989 8.9999990 8.9999980 8.9999981 8.9999981 8.9999984 8.9999981 8.9999988 8.9999990 8.9999990 8.9999981 0.0000000 
