62
SARS-CoV-2_MN908947                0.0000000 0.9570008 1.5015680 4.1789612 3.6427594 8.9999989 8.9999985 8.9999989 8.9999985 8.9999985 8.9999988 8.9999980 8.9999984 8.9999985 8.9999983 8.9999985 8.9999987 8.9999985 8.9999985 8.9999989 8.9999988 8.9999988 8.9999983 8.9999988 8.9999988 8.9999981 8.9999982 8.9999985 8.9999985 8.9999986 8.9999981 8.9999981 8.9999989 8.9999982 8.9999986 8.9999982 8.9999988 8.9999986 8.9999989 8.9999980 8.9999990 8.9999981 8.9999989 8.9999986 8.9999985 8.9999985 8.9999989 8.9999985 8.9999985 8.9999988 8.9999982 8.9999984 8.9999990 8.9999987 8.9999980 8.9999983 8.9999983 8.9999980 8.9999989 8.9999989 8.9999985 8.9999989 
Pangolin_GD-consensus_Lam2020      0.9570008 0.0000000 2.6846723 3.7721434 3.4834595 8.9999985 8.9999988 8.9999990 8.9999987 8.9999985 8.9999984 8.9999988 8.9999984 8.9999985 8.9999983 8.9999985 8.9999988 8.9999986 8.9999985 8.9999989 8.7912309 8.7807912 8.9999987 8.9999984 8.4310411 8.4313542 8.6253001 8.3670421 8.9999984 8.9999981 8.9999987 8.9999985 8.9999984 8.9999981 8.9999983 8.9999988 8.9999983 8.9999984 8.9999981 8.9999986 8.9999985 8.9999985 8.9999982 8.9999983 8.9999987 8.9999988 8.9999986 8.9999982 8.9999987 8.9999985 8.9999989 8.9999981 8.9999987 8.9999987 8.9999985 8.9999989 8.9999989 8.9999986 8.9999982 8.9999983 8.9999984 8.9999988 
RaTG13_MN996532                    1.5015680 2.6846723 0.0000000 3.8754244 4.0206750 8.9999981 8.9999982 8.9999989 8.9999982 8.9999982 8.9999981 8.9999985 8.9999986 8.9999987 8.9999983 8.9999987 8.9999989 8.9999985 8.9999989 8.9999989 8.9999989 8.9999981 8.9999986 8.9999987 8.9999987 8.9999989 8.9999987 8.3923285 8.9999989 8.9999985 8.9999984 8.9999986 8.9999985 8.9999982 8.9999986 8.9999983 8.9999987 8.9999985 8.9999982 8.9999988 8.9999982 8.9999983 8.9999984 8.9999985 8.9999984 8.9999990 8.9999985 8.9999983 8.9999989 8.9999982 8.9999984 8.9999983 8.9999981 8.9999985 8.9999984 8.9999982 8.9999982 8.9999982 8.9999986 8.9999988 8.9999982 8.9999984 
Pangolin_GX-P2V_EPI_ISL_410542     4.1789612 3.7721434 3.8754244 0.0000000 6.5129041 8.9999981 8.9999989 8.9999985 8.9999985 8.9999988 8.9999980 8.9999989 8.9999982 8.9999983 8.9999982 8.9999985 8.9999987 8.9999986 8.9999984 8.9999988 8.9999988 8.9999988 8.9999988 8.9999990 8.9999983 8.9999984 8.9999990 8.9593872 8.9999989 8.9999986 8.9999990 8.9999989 8.9999989 8.9999981 8.9999985 8.9999989 8.9999980 8.9999984 8.9999987 8.9999986 8.9999986 8.9999988 8.9999989 8.9999988 8.9999986 8.9999987 8.9999981 8.9999989 8.9999983 8.9999987 8.9999981 8.9999986 8.9999984 8.9999986 8.9999985 8.9999984 8.9999984 8.9999982 8.9999982 8.9999988 8.9999981 8.9999986 
RshSTT182_EPI_ISL_852604           3.6427594 3.4834595 4.0206750 6.5129041 0.0000000 8.9999989 8.9999990 8.9999989 8.9999990 8.9999989 8.9999989 8.9999980 8.9999983 8.9999983 8.9999983 8.9999983 8.9999987 8.9999983 8.9999983 8.9999988 8.9999981 8.9999982 8.9999988 8.9999986 8.9999982 8.9999989 8.9999985 8.9999988 8.9999980 8.9999986 8.9999980 8.9999985 8.9999985 8.9999982 8.9999981 8.9999983 8.9999986 8.9999982 8.9999983 8.9999985 8.9999986 8.9999988 8.9999983 8.9999990 8.9999985 8.9999985 8.9999985 8.9999984 8.9999989 8.9999987 8.9999982 8.9999984 8.9999983 8.9999989 8.9999982 8.9999981 8.9999982 8.9999988 8.9999988 8.9999981 8.9999983 8.9999986 
SARS-CoV-1_Urbani_HP03L_AY278741   8.9999989 8.9999985 8.9999981 8.9999981 8.9999989 0.0000000 0.0052419 0.0105788 0.0160223 0.0052562 0.0052452 0.0052673 0.0331045 0.0272608 0.0334191 0.0387848 0.0448416 0.0448715 0.0449127 0.0571490 0.3185074 0.3112987 0.3350815 0.5449681 3.8120829 3.8364585 4.0434072 8.9999985 8.9999981 8.9999987 8.9999987 8.9999988 8.9999980 8.9999986 8.9999983 8.9999986 8.9999990 8.9999988 8.9999981 8.9999987 8.9999988 8.9999988 8.9999989 8.9999988 8.9999984 8.9999983 8.9999989 8.9999980 8.9999982 8.9999985 8.9999985 8.9999985 8.9999983 8.9999982 8.9999989 8.9999983 8.9999983 8.9999988 8.9999990 8.9999985 8.9999989 8.9999983 
SARS-CoV-1_BJ02_HP03M_AY278487     8.9999985 8.9999988 8.9999982 8.9999989 8.9999990 0.0052419 0.0000000 0.0052415 0.0105831 0.0105902 0.0105681 0.0106124 0.0273205 0.0216019 0.0275811 0.0329227 0.0388521 0.0388777 0.0389131 0.0509150 0.3062977 0.2994358 0.3226943 0.5281450 3.7036602 3.7292550 3.9341326 8.9999986 8.9999982 8.9999988 8.9999984 8.9999981 8.9999986 8.9999988 8.9999983 8.9999986 8.9999982 8.9999990 8.9999983 8.9999987 8.9999989 8.9999989 8.9999990 8.9999988 8.9999985 8.9999985 8.9999988 8.9999980 8.9999983 8.9999986 8.9999986 8.9999986 8.9999984 8.9999981 8.9999980 8.9999984 8.9999984 8.9999989 8.9999981 8.9999985 8.9999990 8.9999982 
SARS-CoV-1_HGZ8L1-A_HP03E_AY394981 8.9999989 8.9999990 8.9999989 8.9999985 8.9999989 0.0105788 0.0052415 0.0000000 0.0052274 0.0160321 0.0159986 0.0160654 0.0215774 0.0159983 0.0217821 0.0270838 0.0328656 0.0328868 0.0329164 0.0446452 0.2919481 0.2855518 0.3079630 0.5054994 3.4780568 3.5056177 3.7017458 8.9900478 8.9999981 8.9999987 8.9999982 8.9999985 8.9999983 8.9999983 8.9999982 8.9999986 8.9999990 8.9999986 8.9999986 8.9999988 8.9999990 8.9999990 8.9999980 8.9999988 8.9999987 8.9999986 8.9999990 8.9999982 8.9999985 8.9999987 8.9999987 8.9999987 8.9999986 8.9999982 8.9999983 8.9999985 8.9999985 8.9999981 8.9999984 8.9999986 8.9999981 8.9999982 
SARS-CoV-1_GD01_HP03L_AY278489     8.9999985 8.9999987 8.9999982 8.9999985 8.9999990 0.0160223 0.0105831 0.0052274 0.0000000 0.0215884 0.0215434 0.0216330 0.0272469 0.0215437 0.0275062 0.0328348 0.0387484 0.0387738 0.0388090 0.0507798 0.3056970 0.2988505 0.3220894 0.5274560 3.6912055 3.7168760 3.9209875 8.9999984 8.9999982 8.9999988 8.9999988 8.9999986 8.9999987 8.9999982 8.9999984 8.9999987 8.9999986 8.9999986 8.9999989 8.9999990 8.9999983 8.9999983 8.9999984 8.9999990 8.9999990 8.9999989 8.9999982 8.9999983 8.9999986 8.9999989 8.9999989 8.9999989 8.9999987 8.9999983 8.9999986 8.9999987 8.9999987 8.9999984 8.9999987 8.9999988 8.9999982 8.9999982 
SARS-CoV-1_GZ-C_HP03L_AY394979     8.9999985 8.9999985 8.9999982 8.9999988 8.9999989 0.0052562 0.0105902 0.0160321 0.0215884 0.0000000 0.0105976 0.0106422 0.0390541 0.0330723 0.0394253 0.0448242 0.0510261 0.0510608 0.0511082 0.0636156 0.3332545 0.3255530 0.3501938 0.5454843 4.0257734 4.0480024 4.2612212 8.9999989 8.9999981 8.9999987 8.9999987 8.9999988 8.9999980 8.9999986 8.9999983 8.9999986 8.9999990 8.9999988 8.9999981 8.9999987 8.9999988 8.9999988 8.9999989 8.9999988 8.9999984 8.9999983 8.9999989 8.9999980 8.9999982 8.9999985 8.9999985 8.9999985 8.9999983 8.9999982 8.9999989 8.9999983 8.9999983 8.9999988 8.9999990 8.9999985 8.9999989 8.9999983 
SARS-CoV-1_Sino1-11_HP03L_AY485277 8.9999988 8.9999984 8.9999981 8.9999980 8.9999989 0.0052452 0.0105681 0.0159986 0.0215434 0.0105976 0.0000000 0.0106198 0.0389726 0.0330033 0.0393424 0.0447313 0.0509204 0.0509549 0.0510021 0.0634843 0.3029830 0.2962991 0.3191156 0.5196426 3.8400066 3.8641640 4.0725129 8.9999983 8.9999981 8.9999987 8.9999987 8.9999988 8.9999983 8.9999986 8.9999983 8.9999986 8.9999989 8.9999985 8.9999989 8.9999986 8.9999987 8.9999987 8.9999987 8.9999986 8.9999990 8.9999990 8.9999987 8.9999990 8.9999982 8.9999984 8.9999983 8.9999983 8.9999982 8.9999981 8.9999987 8.9999981 8.9999981 8.9999987 8.9999989 8.9999983 8.9999989 8.9999983 
SARS-CoV-1_Sin852_HP03L_AY559082   8.9999980 8.9999988 8.9999985 8.9999989 8.9999980 0.0052673 0.0106124 0.0160654 0.0216330 0.0106422 0.0106198 0.0000000 0.0391333 0.0331398 0.0395059 0.0449138 0.0511274 0.0511622 0.0512098 0.0637396 0.3337339 0.3260154 0.3506874 0.5693684 4.0568047 4.0788255 4.2940144 8.9999989 8.9999982 8.9999987 8.9999984 8.9999990 8.9999981 8.9999986 8.9999983 8.9999986 8.9999986 8.9999989 8.9999982 8.9999987 8.9999989 8.9999989 8.9999989 8.9999988 8.9999984 8.9999984 8.9999990 8.9999981 8.9999983 8.9999985 8.9999985 8.9999986 8.9999984 8.9999982 8.9999990 8.9999983 8.9999983 8.9999988 8.9999980 8.9999985 8.9999989 8.9999985 
SARS-CoV-1_SZ3_PC03_AY304486       8.9999984 8.9999984 8.9999986 8.9999982 8.9999983 0.0331045 0.0273205 0.0215774 0.0272469 0.0390541 0.0389726 0.0391333 0.0000000 0.0052079 0.0106313 0.0270563 0.0328321 0.0270147 0.0214090 0.0384883 0.2788095 0.2728218 0.2944882 0.5223086 3.2262160 3.2555081 3.4394387 8.4297597 8.9999980 8.9999985 8.9999987 8.9999988 8.9999981 8.9999988 8.9999981 8.9999986 8.9999988 8.9999982 8.9999984 8.9999987 8.9999989 8.9999989 8.9999989 8.9999987 8.9999984 8.9999983 8.9999981 8.9999982 8.9999985 8.9999987 8.9999987 8.9999987 8.9999984 8.9999982 8.9999983 8.9999984 8.9999984 8.9999989 8.9999982 8.9999985 8.9999990 8.9999983 
SARS-CoV-1_SZ13_PC03_AY304487      8.9999985 8.9999985 8.9999987 8.9999983 8.9999983 0.0272608 0.0216019 0.0159983 0.0215437 0.0330723 0.0330033 0.0331398 0.0052079 0.0000000 0.0052572 0.0213971 0.0270413 0.0213649 0.0158763 0.0326003 0.2909103 0.2845712 0.3068326 0.5025057 3.3030386 3.3314866 3.5169099 8.4520416 8.9999983 8.9999984 8.9999989 8.9999986 8.9999989 8.9999986 8.9999990 8.9999986 8.9999988 8.9999982 8.9999984 8.9999987 8.9999989 8.9999989 8.9999989 8.9999987 8.9999984 8.9999984 8.9999981 8.9999982 8.9999985 8.9999987 8.9999986 8.9999987 8.9999985 8.9999982 8.9999983 8.9999984 8.9999984 8.9999989 8.9999982 8.9999985 8.9999990 8.9999983 
SARS-CoV-1_SZ1_PC03_AY304489       8.9999983 8.9999983 8.9999983 8.9999982 8.9999983 0.0334191 0.0275811 0.0217821 0.0275062 0.0394253 0.0393424 0.0395059 0.0106313 0.0052572 0.0000000 0.0273109 0.0331424 0.0272686 0.0216105 0.0388490 0.3067992 0.2999724 0.3074345 0.5035480 3.3097256 3.3381050 3.5236870 8.4592482 8.9999986 8.9999984 8.9999989 8.9999986 8.9999989 8.9999987 8.9999981 8.9999986 8.9999988 8.9999982 8.9999984 8.9999987 8.9999989 8.9999989 8.9999989 8.9999987 8.9999984 8.9999984 8.9999981 8.9999982 8.9999985 8.9999987 8.9999986 8.9999987 8.9999985 8.9999982 8.9999983 8.9999984 8.9999984 8.9999989 8.9999982 8.9999985 8.9999990 8.9999982 
SARS-CoV-1_GD03T0013_HP04_AY525636 8.9999985 8.9999985 8.9999987 8.9999985 8.9999983 0.0387848 0.0329227 0.0270838 0.0328348 0.0448242 0.0447313 0.0449138 0.0270563 0.0213971 0.0273109 0.0000000 0.0052178 0.0052209 0.0052254 0.0159227 0.2817257 0.2756129 0.3185734 0.5185224 3.1063204 3.1364476 3.3150584 8.7527211 8.9999981 8.9999987 8.9999980 8.9999985 8.9999982 8.9999984 8.9999981 8.9999986 8.9999989 8.9999982 8.9999984 8.9999987 8.9999989 8.9999989 8.9999989 8.9999987 8.9999984 8.9999983 8.9999980 8.9999982 8.9999984 8.9999987 8.9999986 8.9999987 8.9999985 8.9999982 8.9999983 8.9999984 8.9999984 8.9999989 8.9999982 8.9999985 8.9999990 8.9999982 
SARS-CoV-1_GZ0402_HP04_AY613947    8.9999987 8.9999988 8.9999989 8.9999987 8.9999987 0.0448416 0.0388521 0.0328656 0.0387484 0.0510261 0.0509204 0.0511274 0.0328321 0.0270413 0.0331424 0.0052178 0.0000000 0.0105529 0.0105621 0.0214632 0.2949528 0.2884209 0.3327540 0.5398116 3.2916313 3.3205746 3.5082381 8.9539959 8.9999982 8.9999988 8.9999985 8.9999986 8.9999987 8.9999985 8.9999982 8.9999987 8.9999990 8.9999985 8.9999987 8.9999988 8.9999980 8.9999980 8.9999981 8.9999989 8.9999988 8.9999985 8.9999982 8.9999983 8.9999986 8.9999988 8.9999988 8.9999988 8.9999986 8.9999982 8.9999986 8.9999986 8.9999986 8.9999982 8.9999985 8.9999987 8.9999981 8.9999982 
SARS-CoV-1_PC4-127_PC04_AY613951   8.9999985 8.9999986 8.9999985 8.9999986 8.9999983 0.0448715 0.0388777 0.0328868 0.0387738 0.0510608 0.0509549 0.0511622 0.0270147 0.0213649 0.0272686 0.0052209 0.0105529 0.0000000 0.0052180 0.0104788 0.2951504 0.2886148 0.3329425 0.5404083 2.9827470 3.0131136 3.1829310 8.7186509 8.9999981 8.9999987 8.9999990 8.9999984 8.9999981 8.9999983 8.9999981 8.9999986 8.9999988 8.9999983 8.9999984 8.9999987 8.9999989 8.9999989 8.9999989 8.9999987 8.9999985 8.9999984 8.9999981 8.9999982 8.9999985 8.9999987 8.9999987 8.9999987 8.9999985 8.9999982 8.9999983 8.9999984 8.9999984 8.9999990 8.9999983 8.9999985 8.9999990 8.9999983 
SARS-CoV-1_PC4-137_PC04_AY627045   8.9999985 8.9999985 8.9999989 8.9999984 8.9999983 0.0449127 0.0389131 0.0329164 0.0388090 0.0511082 0.0510021 0.0512098 0.0214090 0.0158763 0.0216105 0.0052254 0.0105621 0.0052180 0.0000000 0.0159131 0.2954824 0.2889340 0.3333100 0.5409893 3.1280746 3.1577117 3.3351780 8.5076333 8.9999981 8.9999986 8.9999982 8.9999989 8.9999983 8.9999989 8.9999981 8.9999986 8.9999988 8.9999983 8.9999984 8.9999987 8.9999989 8.9999989 8.9999989 8.9999988 8.9999985 8.9999984 8.9999981 8.9999982 8.9999985 8.9999987 8.9999987 8.9999987 8.9999985 8.9999982 8.9999983 8.9999984 8.9999984 8.9999989 8.9999983 8.9999985 8.9999990 8.9999983 
SARS-CoV-1_PC4-13_PC04_AY613948    8.9999989 8.9999989 8.9999989 8.9999988 8.9999988 0.0571490 0.0509150 0.0446452 0.0507798 0.0636156 0.0634843 0.0637396 0.0384883 0.0326003 0.0388490 0.0159227 0.0214632 0.0104788 0.0159131 0.0000000 0.3216390 0.3142398 0.3613738 0.5831236 3.3509297 3.3789242 3.5657505 8.9999989 8.9999983 8.9999990 8.9999990 8.9999984 8.9999981 8.9999988 8.9999983 8.9999989 8.9999987 8.9999990 8.9999986 8.9999988 8.9999990 8.9999990 8.9999980 8.9999989 8.9999985 8.9999985 8.9999984 8.9999983 8.9999985 8.9999987 8.9999987 8.9999987 8.9999986 8.9999983 8.9999984 8.9999985 8.9999985 8.9999990 8.9999983 8.9999986 8.9999981 8.9999983 
WIV16_KT444582                     8.9999988 8.7912309 8.9999989 8.9999988 8.9999981 0.3185074 0.3062977 0.2919481 0.3056970 0.3332545 0.3029830 0.3337339 0.2788095 0.2909103 0.3067992 0.2817257 0.2949528 0.2951504 0.2954824 0.3216390 0.0000000 0.0216523 0.1722704 0.4657565 2.3987813 2.4354928 2.6253163 8.8859467 8.9999983 8.9999990 8.9999989 8.9999989 8.9999984 8.9999980 8.9999984 8.9999984 8.9999987 8.9999987 8.9999989 8.9999988 8.9999988 8.9999988 8.9999988 8.9999986 8.9999981 8.9999990 8.9999983 8.9999988 8.9999989 8.9999989 8.9999985 8.9999990 8.9999990 8.9999980 8.9999982 8.9999981 8.9999980 8.9999983 8.9999986 8.9999990 8.9999983 8.9999984 
WIV1_KF367457                      8.9999988 8.7807912 8.9999981 8.9999988 8.9999982 0.3112987 0.2994358 0.2855518 0.2988505 0.3255530 0.2962991 0.3260154 0.2728218 0.2845712 0.2999724 0.2756129 0.2884209 0.2886148 0.2889340 0.3142398 0.0216523 0.0000000 0.1870037 0.4477288 2.7193789 2.7545287 2.9643277 8.8385659 8.9999983 8.9999981 8.9999982 8.9999988 8.9999983 8.9999983 8.9999982 8.9999984 8.9999980 8.9999987 8.9999989 8.9999988 8.9999987 8.9999986 8.9999987 8.9999985 8.9999982 8.9999987 8.9999983 8.9999988 8.9999989 8.9999990 8.9999985 8.9999990 8.9999990 8.9999980 8.9999982 8.9999981 8.9999981 8.9999983 8.9999986 8.9999980 8.9999983 8.9999986 
Rs7327_KY417151                    8.9999983 8.9999987 8.9999986 8.9999988 8.9999988 0.3350815 0.3226943 0.3079630 0.3220894 0.3501938 0.3191156 0.3506874 0.2944882 0.3068326 0.3074345 0.3185734 0.3327540 0.3329425 0.3333100 0.3613738 0.1722704 0.1870037 0.0000000 0.4918811 2.0837832 2.1176815 2.2699243 8.9999989 8.9999982 8.9999986 8.9999989 8.9999981 8.9999990 8.9999990 8.9999986 8.9999985 8.9999982 8.9999986 8.9999986 8.9999985 8.9999986 8.9999986 8.9999986 8.9999984 8.9999987 8.9999981 8.9999984 8.9999989 8.9999990 8.9999982 8.9999986 8.9999984 8.9999982 8.9999981 8.9999987 8.9999980 8.9999980 8.9999984 8.9999988 8.9999981 8.9999984 8.9999982 
LYRa11_KF569996                    8.9999988 8.9999984 8.9999987 8.9999990 8.9999986 0.5449681 0.5281450 0.5054994 0.5274560 0.5454843 0.5196426 0.5693684 0.5223086 0.5025057 0.5035480 0.5185224 0.5398116 0.5404083 0.5409893 0.5831236 0.4657565 0.4477288 0.4918811 0.0000000 3.9145894 3.9370961 4.1395855 8.8244037 8.9999981 8.9999986 8.9999990 8.9999989 8.9999988 8.9999987 8.9999984 8.9999982 8.9999983 8.9999984 8.9999990 8.9999987 8.9999989 8.9999989 8.9999989 8.9999982 8.9999988 8.9999982 8.9999987 8.9999983 8.9999985 8.9999987 8.9999990 8.9999989 8.9999985 8.9999986 8.9999982 8.9999984 8.9999984 8.9999990 8.9999984 8.9999987 8.9999986 8.9999986 
Rs4231_KY417146                    8.9999988 8.4310411 8.9999987 8.9999983 8.9999982 3.8120829 3.7036602 3.4780568 3.6912055 4.0257734 3.8400066 4.0568047 3.2262160 3.3030386 3.3097256 3.1063204 3.2916313 2.9827470 3.1280746 3.3509297 2.3987813 2.7193789 2.0837832 3.9145894 0.0000000 0.0097412 0.0147599 8.5255914 8.9999987 8.9999985 8.9999981 8.9999988 8.9999989 8.9999983 8.9999984 8.9999989 8.9999988 8.9999989 8.9999988 8.9999990 8.9999985 8.9999985 8.9999985 8.9999986 8.9999984 8.9999982 8.9999981 8.9999983 8.9999984 8.9999985 8.9999982 8.9999989 8.9999989 8.9999990 8.9999990 8.9999985 8.9999985 8.9999987 8.9999983 8.9999986 8.9999988 8.9999988 
RsSHC014_KC881005                  8.9999981 8.4313542 8.9999989 8.9999984 8.9999989 3.8364585 3.7292550 3.5056177 3.7168760 4.0480024 3.8641640 4.0788255 3.2555081 3.3314866 3.3381050 3.1364476 3.3205746 3.0131136 3.1577117 3.3789242 2.4354928 2.7545287 2.1176815 3.9370961 0.0097412 0.0000000 0.0048280 8.5485710 8.9999984 8.9999985 8.9999981 8.9999986 8.9999988 8.9999983 8.9999983 8.9999988 8.9999988 8.9999988 8.9999987 8.9999981 8.9999986 8.9999987 8.9999985 8.9999986 8.9999983 8.9999982 8.9999981 8.9999983 8.9999984 8.9999985 8.9999981 8.9999989 8.9999989 8.9999990 8.9999989 8.9999985 8.9999985 8.9999987 8.9999983 8.9999986 8.9999988 8.9999988 
Rs4084_KY417144                    8.9999982 8.6253001 8.9999987 8.9999990 8.9999985 4.0434072 3.9341326 3.7017458 3.9209875 4.2612212 4.0725129 4.2940144 3.4394387 3.5169099 3.5236870 3.3150584 3.5082381 3.1829310 3.3351780 3.5657505 2.6253163 2.9643277 2.2699243 4.1395855 0.0147599 0.0048280 0.0000000 8.7629784 8.9999981 8.9999986 8.9999981 8.9999983 8.9999986 8.9999983 8.9999990 8.9999989 8.9999989 8.9999981 8.9999985 8.9999982 8.9999987 8.9999988 8.9999986 8.9999987 8.9999985 8.9999984 8.9999982 8.9999984 8.9999984 8.9999986 8.9999982 8.9999990 8.9999989 8.9999980 8.9999990 8.9999986 8.9999986 8.9999987 8.9999984 8.9999986 8.9999989 8.9999988 
Rc-o319_LC556375                   8.9999985 8.3670421 8.3923285 8.9593872 8.9999988 8.9999985 8.9999986 8.9900478 8.9999984 8.9999989 8.9999983 8.9999989 8.4297597 8.4520416 8.4592482 8.7527211 8.9539959 8.7186509 8.5076333 8.9999989 8.8859467 8.8385659 8.9999989 8.8244037 8.5255914 8.5485710 8.7629784 0.0000000 8.9999989 8.9999988 8.9999985 8.9999987 8.9999983 8.9999989 8.9999986 8.9999984 8.9999981 8.9999989 8.9999984 8.9999981 8.9999982 8.9999985 8.9999984 8.9999989 8.9999988 8.9999988 8.9999984 8.9999990 8.9999981 8.9999990 8.9999983 8.9999984 8.9999981 8.9999982 8.9999982 8.9999985 8.9999985 8.9999980 8.9999990 8.9999985 8.9999981 8.9999989 
BM48-31_NC014470                   8.9999985 8.9999984 8.9999989 8.9999989 8.9999980 8.9999981 8.9999982 8.9999981 8.9999982 8.9999981 8.9999981 8.9999982 8.9999980 8.9999983 8.9999986 8.9999981 8.9999982 8.9999981 8.9999981 8.9999983 8.9999983 8.9999983 8.9999982 8.9999981 8.9999987 8.9999984 8.9999981 8.9999989 0.0000000 2.3104171 5.9104676 4.9107906 5.2121841 6.1395510 8.9999980 8.9999982 8.9999987 8.9999984 8.9999986 8.9999987 8.9999982 8.9999985 8.9999985 8.9999985 8.9999988 8.9999987 8.9999985 8.9999982 8.9999985 8.9999986 8.9999987 8.9999990 8.9999987 8.9999987 8.9999985 8.9999985 8.9999985 8.9999985 8.9999985 8.9999985 8.9999988 8.9999989 
BB9904_KR559017                    8.9999986 8.9999981 8.9999985 8.9999986 8.9999986 8.9999987 8.9999988 8.9999987 8.9999988 8.9999987 8.9999987 8.9999987 8.9999985 8.9999984 8.9999984 8.9999987 8.9999988 8.9999987 8.9999986 8.9999990 8.9999990 8.9999981 8.9999986 8.9999986 8.9999985 8.9999985 8.9999986 8.9999988 2.3104171 0.0000000 6.5426157 6.6923541 6.5812756 7.4528634 8.9999981 8.9999982 8.9999986 8.9999987 8.9999986 8.9999986 8.9999987 8.9999990 8.9999989 8.9999984 8.9999986 8.9999986 8.9999988 8.9999984 8.9999982 8.9999988 8.9999986 8.9999990 8.9999982 8.9999986 8.9999987 8.9999985 8.9999985 8.9999989 8.9999985 8.9999985 8.9999985 8.9999989 
BtKY72_KY352407                    8.9999981 8.9999987 8.9999984 8.9999990 8.9999980 8.9999987 8.9999984 8.9999982 8.9999988 8.9999987 8.9999987 8.9999984 8.9999987 8.9999989 8.9999989 8.9999980 8.9999985 8.9999990 8.9999982 8.9999990 8.9999989 8.9999982 8.9999989 8.9999990 8.9999981 8.9999981 8.9999981 8.9999985 5.9104676 6.5426157 0.0000000 0.2979969 0.3015564 3.2411657 7.7096334 8.9999987 8.9999981 8.9999985 8.9999985 8.9999984 8.9999983 8.9999984 8.9999983 8.9999986 8.9999988 8.9999987 8.9999987 8.9999982 8.9999989 8.9999983 8.9999990 8.9999987 8.9999982 8.9999985 8.9999989 8.9999985 8.9999985 8.9999985 8.9999989 8.9999990 8.9999986 8.9999988 
PRD-0038_726045                    8.9999981 8.9999985 8.9999986 8.9999989 8.9999985 8.9999988 8.9999981 8.9999985 8.9999986 8.9999988 8.9999988 8.9999990 8.9999988 8.9999986 8.9999986 8.9999985 8.9999986 8.9999984 8.9999989 8.9999984 8.9999989 8.9999988 8.9999981 8.9999989 8.9999988 8.9999986 8.9999983 8.9999987 4.9107906 6.6923541 0.2979969 0.0000000 0.0661474 2.6426520 7.5398860 8.9999983 8.9999989 8.9999983 8.9999985 8.9999984 8.9999985 8.9999985 8.9999988 8.9999985 8.9999985 8.9999988 8.9999988 8.9999981 8.9999988 8.9999987 8.9999987 8.9999982 8.9999986 8.9999989 8.9999986 8.9999988 8.9999987 8.9999989 8.9999983 8.9999986 8.9999986 8.9999989 
PDF-2370_MT726044                  8.9999989 8.9999984 8.9999985 8.9999989 8.9999985 8.9999980 8.9999986 8.9999983 8.9999987 8.9999980 8.9999983 8.9999981 8.9999981 8.9999989 8.9999989 8.9999982 8.9999987 8.9999981 8.9999983 8.9999981 8.9999984 8.9999983 8.9999990 8.9999988 8.9999989 8.9999988 8.9999986 8.9999983 5.2121841 6.5812756 0.3015564 0.0661474 0.0000000 2.8172968 7.6925140 8.9999984 8.9999990 8.9999985 8.9999986 8.9999984 8.9999987 8.9999988 8.9999987 8.9999985 8.9999985 8.9999986 8.9999986 8.9999986 8.9999989 8.9999985 8.9999986 8.9999986 8.9999982 8.9999985 8.9999982 8.9999980 8.9999990 8.9999985 8.9999985 8.9999982 8.9999985 8.9999987 
Khosta-1_MZ190137                  8.9999982 8.9999981 8.9999982 8.9999981 8.9999982 8.9999986 8.9999988 8.9999983 8.9999982 8.9999986 8.9999986 8.9999986 8.9999988 8.9999986 8.9999987 8.9999984 8.9999985 8.9999983 8.9999989 8.9999988 8.9999980 8.9999983 8.9999990 8.9999987 8.9999983 8.9999983 8.9999983 8.9999989 6.1395510 7.4528634 3.2411657 2.6426520 2.8172968 0.0000000 7.9383383 8.9999989 8.9999982 8.9999987 8.9999988 8.9999990 8.9999990 8.9999982 8.9999982 8.9999989 8.9999982 8.9999981 8.9999989 8.9999985 8.9999985 8.9999989 8.9999986 8.9999990 8.9999989 8.9999987 8.9999983 8.9999989 8.9999989 8.9999990 8.9999980 8.9999989 8.9999986 8.9999987 
Khosta-2_MZ190138                  8.9999986 8.9999983 8.9999986 8.9999985 8.9999981 8.9999983 8.9999983 8.9999982 8.9999984 8.9999983 8.9999983 8.9999983 8.9999981 8.9999990 8.9999981 8.9999981 8.9999982 8.9999981 8.9999981 8.9999983 8.9999984 8.9999982 8.9999986 8.9999984 8.9999984 8.9999983 8.9999990 8.9999986 8.9999980 8.9999981 7.7096334 7.5398860 7.6925140 7.9383383 0.0000000 8.9999986 8.9999985 8.9999989 8.9999989 8.9999988 8.9999987 8.9999987 8.9999988 8.9999990 8.9999989 8.9999988 8.9999981 8.9999987 8.9999989 8.9999989 8.9999981 8.9999988 8.9999988 8.9999988 8.9999989 8.9999989 8.9999989 8.9999983 8.9999980 8.9999989 8.9999988 8.9999983 
RhGB01_MW719567                    8.9999982 8.9999988 8.9999983 8.9999989 8.9999983 8.9999986 8.9999986 8.9999986 8.9999987 8.9999986 8.9999986 8.9999986 8.9999986 8.9999986 8.9999986 8.9999986 8.9999987 8.9999986 8.9999986 8.9999989 8.9999984 8.9999984 8.9999985 8.9999982 8.9999989 8.9999988 8.9999989 8.9999984 8.9999982 8.9999982 8.9999987 8.9999983 8.9999984 8.9999989 8.9999986 0.0000000 8.9999981 8.9999982 8.9999990 8.9999988 8.9999989 8.9999989 8.9999989 8.9999986 8.9999985 8.9999985 8.9999985 8.9999984 8.9999985 8.9999986 8.9999986 8.9999985 8.9999980 8.9999983 8.9999984 8.9999986 8.9999987 8.9999984 8.9999984 8.9999984 8.9999985 8.9999985 
RsYN04_EPI_ISL_1699444             8.9999988 8.9999983 8.9999987 8.9999980 8.9999986 8.9999990 8.9999982 8.9999990 8.9999986 8.9999990 8.9999989 8.9999986 8.9999988 8.9999988 8.9999988 8.9999989 8.9999990 8.9999988 8.9999988 8.9999987 8.9999987 8.9999980 8.9999982 8.9999983 8.9999988 8.9999988 8.9999989 8.9999981 8.9999987 8.9999986 8.9999981 8.9999989 8.9999990 8.9999982 8.9999985 8.9999981 0.0000000 8.9999988 8.9999989 8.9999989 8.9999982 8.9999983 8.9999987 8.9999980 8.9999982 8.9999990 8.9999986 8.9999987 8.9999986 8.9999985 8.9999988 8.9999985 8.9999985 8.9999986 8.9999980 8.9999985 8.9999985 8.9999986 8.9999985 8.9999985 8.9999987 8.9999984 
ZXC21_MG772934                     8.9999986 8.9999984 8.9999985 8.9999984 8.9999982 8.9999988 8.9999990 8.9999986 8.9999986 8.9999988 8.9999985 8.9999989 8.9999982 8.9999982 8.9999982 8.9999982 8.9999985 8.9999983 8.9999983 8.9999990 8.9999987 8.9999987 8.9999986 8.9999984 8.9999989 8.9999988 8.9999981 8.9999989 8.9999984 8.9999987 8.9999985 8.9999983 8.9999985 8.9999987 8.9999989 8.9999982 8.9999988 0.0000000 0.2306713 1.2936509 1.2562171 1.2554775 1.4937400 1.9079158 2.6596062 2.2121438 1.9596886 2.5380797 2.5347610 2.4811458 2.2047933 3.2552580 2.5802047 3.1379618 2.4997409 2.7510544 2.7834289 2.5811076 2.8274649 3.0238591 2.1179966 8.9999990 
ZC45_MG772933                      8.9999989 8.9999981 8.9999982 8.9999987 8.9999983 8.9999981 8.9999983 8.9999986 8.9999989 8.9999981 8.9999989 8.9999982 8.9999984 8.9999984 8.9999984 8.9999984 8.9999987 8.9999984 8.9999984 8.9999986 8.9999989 8.9999989 8.9999986 8.9999990 8.9999988 8.9999987 8.9999985 8.9999984 8.9999986 8.9999986 8.9999985 8.9999985 8.9999986 8.9999988 8.9999989 8.9999990 8.9999989 0.2306713 0.0000000 1.4037003 1.4341006 1.4348413 1.7155749 2.0761089 2.7376378 2.4968504 1.9598392 2.6034892 2.2970078 2.2387449 2.3647679 3.0155829 2.4824362 3.3418802 2.8270292 2.9740522 2.9064039 2.7902995 2.7538327 3.0356389 2.3728341 8.9999982 
JL2012_KJ473811                    8.9999980 8.9999986 8.9999988 8.9999986 8.9999985 8.9999987 8.9999987 8.9999988 8.9999990 8.9999987 8.9999986 8.9999987 8.9999987 8.9999987 8.9999987 8.9999987 8.9999988 8.9999987 8.9999987 8.9999988 8.9999988 8.9999988 8.9999985 8.9999987 8.9999990 8.9999981 8.9999982 8.9999981 8.9999987 8.9999986 8.9999984 8.9999984 8.9999984 8.9999990 8.9999988 8.9999988 8.9999989 1.2936509 1.4037003 0.0000000 0.1619515 0.2035528 0.1901120 1.8440986 2.8077479 2.5527907 2.0520713 2.5910932 2.7665319 2.5825666 2.8438259 3.0210591 2.3918180 2.8944589 2.6222468 2.7103717 2.7223341 2.5093804 2.4702286 3.0442784 2.6410383 8.9999985 
Rf1_DQ412042                       8.9999990 8.9999985 8.9999982 8.9999986 8.9999986 8.9999988 8.9999989 8.9999990 8.9999983 8.9999988 8.9999987 8.9999989 8.9999989 8.9999989 8.9999989 8.9999989 8.9999980 8.9999989 8.9999989 8.9999990 8.9999988 8.9999987 8.9999986 8.9999989 8.9999985 8.9999986 8.9999987 8.9999982 8.9999982 8.9999987 8.9999983 8.9999985 8.9999987 8.9999990 8.9999987 8.9999989 8.9999982 1.2562171 1.4341006 0.1619515 0.0000000 0.0355913 0.0352157 1.4992291 2.6298213 2.3994051 1.6746908 2.3271096 2.3781024 2.2626578 2.5458480 2.9581039 2.3033886 2.6647354 2.3491232 2.2504396 2.2626990 2.2354912 2.2810972 2.7687024 2.5306767 8.9999990 
HeB2013_KJ473812                   8.9999981 8.9999985 8.9999983 8.9999988 8.9999988 8.9999988 8.9999989 8.9999990 8.9999983 8.9999988 8.9999987 8.9999989 8.9999989 8.9999989 8.9999989 8.9999989 8.9999980 8.9999989 8.9999989 8.9999990 8.9999988 8.9999986 8.9999986 8.9999989 8.9999985 8.9999987 8.9999988 8.9999985 8.9999985 8.9999990 8.9999984 8.9999985 8.9999988 8.9999982 8.9999987 8.9999989 8.9999983 1.2554775 1.4348413 0.2035528 0.0355913 0.0000000 0.0763354 1.6497273 2.6510318 2.5152797 1.7809901 2.3489166 2.4009304 2.4022080 2.5144449 3.0997039 2.3077731 2.5913039 2.5971903 2.5705437 2.5827821 2.5634355 2.6140159 3.0906110 2.7679332 8.9999990 
273-2005_DQ648856                  8.9999989 8.9999982 8.9999984 8.9999989 8.9999983 8.9999989 8.9999990 8.9999980 8.9999984 8.9999989 8.9999987 8.9999989 8.9999989 8.9999989 8.9999989 8.9999989 8.9999981 8.9999989 8.9999989 8.9999980 8.9999988 8.9999987 8.9999986 8.9999989 8.9999985 8.9999985 8.9999986 8.9999984 8.9999985 8.9999989 8.9999983 8.9999988 8.9999987 8.9999982 8.9999988 8.9999989 8.9999987 1.4937400 1.7155749 0.1901120 0.0352157 0.0763354 0.0000000 1.7210390 3.0208687 2.7468973 2.0304495 2.7699767 2.8387688 2.7085161 3.0437089 3.4115786 2.7487835 3.1584231 2.6700934 2.5736377 2.5992025 2.5393154 2.5930920 3.1840015 3.0017085 8.9999989 
Rf4092_KY417145                    8.9999986 8.9999983 8.9999985 8.9999988 8.9999990 8.9999988 8.9999988 8.9999988 8.9999990 8.9999988 8.9999986 8.9999988 8.9999987 8.9999987 8.9999987 8.9999987 8.9999989 8.9999987 8.9999988 8.9999989 8.9999986 8.9999985 8.9999984 8.9999982 8.9999986 8.9999986 8.9999987 8.9999989 8.9999985 8.9999984 8.9999986 8.9999985 8.9999985 8.9999989 8.9999990 8.9999986 8.9999980 1.9079158 2.0761089 1.8440986 1.4992291 1.6497273 1.7210390 0.0000000 2.3229733 2.2359705 1.9551340 2.5270994 2.4997007 2.3907049 2.3266902 3.0738746 2.2081025 2.7627237 2.2711634 2.5396859 2.5725457 2.7989297 2.6108360 2.3012663 2.1487919 8.9999982 
RmYN02_EPI_ISL_412977              8.9999985 8.9999987 8.9999984 8.9999986 8.9999985 8.9999984 8.9999985 8.9999987 8.9999990 8.9999984 8.9999990 8.9999984 8.9999984 8.9999984 8.9999984 8.9999984 8.9999988 8.9999985 8.9999985 8.9999985 8.9999981 8.9999982 8.9999987 8.9999988 8.9999984 8.9999983 8.9999985 8.9999988 8.9999988 8.9999986 8.9999988 8.9999985 8.9999985 8.9999982 8.9999989 8.9999985 8.9999982 2.6596062 2.7376378 2.8077479 2.6298213 2.6510318 3.0208687 2.3229733 0.0000000 0.1686444 2.7763157 3.2640956 3.3271182 3.2704169 2.7137659 3.1949395 3.0202100 3.2846236 3.1133113 3.5548318 3.5850540 3.4764362 3.6805293 3.9972330 3.0565939 8.9999982 
RacCS203_MW251308                  8.9999985 8.9999988 8.9999990 8.9999987 8.9999985 8.9999983 8.9999985 8.9999986 8.9999989 8.9999983 8.9999990 8.9999984 8.9999983 8.9999984 8.9999984 8.9999983 8.9999985 8.9999984 8.9999984 8.9999985 8.9999990 8.9999987 8.9999981 8.9999982 8.9999982 8.9999982 8.9999984 8.9999988 8.9999987 8.9999986 8.9999987 8.9999988 8.9999986 8.9999981 8.9999988 8.9999985 8.9999990 2.2121438 2.4968504 2.5527907 2.3994051 2.5152797 2.7468973 2.2359705 0.1686444 0.0000000 2.7469756 3.4917468 3.2683631 3.1616180 2.6083788 3.3268362 2.9782623 3.3580645 3.0636435 3.2274609 3.2580191 3.1826972 3.4585368 3.6534138 2.8894202 8.9999986 
YN2013_KJ473816                    8.9999989 8.9999986 8.9999985 8.9999981 8.9999985 8.9999989 8.9999988 8.9999990 8.9999982 8.9999989 8.9999987 8.9999990 8.9999981 8.9999981 8.9999981 8.9999980 8.9999982 8.9999981 8.9999981 8.9999984 8.9999983 8.9999983 8.9999984 8.9999987 8.9999981 8.9999981 8.9999982 8.9999984 8.9999985 8.9999988 8.9999987 8.9999988 8.9999986 8.9999989 8.9999981 8.9999985 8.9999986 1.9596886 1.9598392 2.0520713 1.6746908 1.7809901 2.0304495 1.9551340 2.7763157 2.7469756 0.0000000 1.8147141 1.7115269 1.6728089 1.9687956 2.8821082 1.9370297 2.3467888 1.6747881 2.1245239 2.0612767 1.6466152 2.0858220 1.9109821 1.6232244 8.9999982 
As6526_KY417142                    8.9999985 8.9999982 8.9999983 8.9999989 8.9999984 8.9999980 8.9999980 8.9999982 8.9999983 8.9999980 8.9999990 8.9999981 8.9999982 8.9999982 8.9999982 8.9999982 8.9999983 8.9999982 8.9999982 8.9999983 8.9999988 8.9999988 8.9999989 8.9999983 8.9999983 8.9999983 8.9999984 8.9999990 8.9999982 8.9999984 8.9999982 8.9999981 8.9999986 8.9999985 8.9999987 8.9999984 8.9999987 2.5380797 2.6034892 2.5910932 2.3271096 2.3489166 2.7699767 2.5270994 3.2640956 3.4917468 1.8147141 0.0000000 0.2256566 0.3125186 0.8371420 0.8643242 0.7487016 1.1523913 0.8947075 1.2073354 1.1675818 1.0417630 1.1879646 1.3244134 1.2607888 8.9999985 
Rs4237_KY417147                    8.9999985 8.9999987 8.9999989 8.9999983 8.9999989 8.9999982 8.9999983 8.9999985 8.9999986 8.9999982 8.9999982 8.9999983 8.9999985 8.9999985 8.9999985 8.9999984 8.9999986 8.9999985 8.9999985 8.9999985 8.9999989 8.9999989 8.9999990 8.9999985 8.9999984 8.9999984 8.9999984 8.9999981 8.9999985 8.9999982 8.9999989 8.9999988 8.9999989 8.9999985 8.9999989 8.9999985 8.9999986 2.5347610 2.2970078 2.7665319 2.3781024 2.4009304 2.8387688 2.4997007 3.3271182 3.2683631 1.7115269 0.2256566 0.0000000 0.0552173 0.7666908 0.7830256 0.8688418 1.0658142 0.5804970 1.2138403 1.1743268 0.8752640 1.0308382 1.3914133 1.1006632 8.9999987 
Rs4081_KY417143                    8.9999988 8.9999985 8.9999982 8.9999987 8.9999987 8.9999985 8.9999986 8.9999987 8.9999989 8.9999985 8.9999984 8.9999985 8.9999987 8.9999987 8.9999987 8.9999987 8.9999988 8.9999987 8.9999987 8.9999987 8.9999989 8.9999990 8.9999982 8.9999987 8.9999985 8.9999985 8.9999986 8.9999990 8.9999986 8.9999988 8.9999983 8.9999987 8.9999985 8.9999989 8.9999989 8.9999986 8.9999985 2.4811458 2.2387449 2.5825666 2.2626578 2.4022080 2.7085161 2.3907049 3.2704169 3.1616180 1.6728089 0.3125186 0.0552173 0.0000000 0.7924514 0.8872797 0.9702815 1.1230490 0.6448917 1.2224341 1.1828953 0.8773022 1.0808566 1.3276778 1.0015769 8.9999987 
Rp3_DQ071615                       8.9999982 8.9999989 8.9999984 8.9999981 8.9999982 8.9999985 8.9999986 8.9999987 8.9999989 8.9999985 8.9999983 8.9999985 8.9999987 8.9999986 8.9999986 8.9999986 8.9999988 8.9999987 8.9999987 8.9999987 8.9999985 8.9999985 8.9999986 8.9999990 8.9999982 8.9999981 8.9999982 8.9999983 8.9999987 8.9999986 8.9999990 8.9999987 8.9999986 8.9999986 8.9999981 8.9999986 8.9999988 2.2047933 2.3647679 2.8438259 2.5458480 2.5144449 3.0437089 2.3266902 2.7137659 2.6083788 1.9687956 0.8371420 0.7666908 0.7924514 0.0000000 0.8886929 0.7737988 1.4984948 0.7871307 0.8776815 0.8970928 0.8566290 0.9687057 1.1189529 1.0370251 8.9999989 
279-2005_DQ648857                  8.9999984 8.9999981 8.9999983 8.9999986 8.9999984 8.9999985 8.9999986 8.9999987 8.9999989 8.9999985 8.9999983 8.9999986 8.9999987 8.9999987 8.9999987 8.9999987 8.9999988 8.9999987 8.9999987 8.9999987 8.9999990 8.9999990 8.9999984 8.9999989 8.9999989 8.9999989 8.9999990 8.9999984 8.9999990 8.9999990 8.9999987 8.9999982 8.9999986 8.9999990 8.9999988 8.9999985 8.9999985 3.2552580 3.0155829 3.0210591 2.9581039 3.0997039 3.4115786 3.0738746 3.1949395 3.3268362 2.8821082 0.8643242 0.7830256 0.8872797 0.8886929 0.0000000 0.6683582 1.8443991 0.8676216 0.9976601 1.0193453 1.0824780 1.0705271 1.0859072 0.9489736 8.9999987 
Shaanxi2011_JX993987               8.9999990 8.9999987 8.9999981 8.9999984 8.9999983 8.9999983 8.9999984 8.9999986 8.9999987 8.9999983 8.9999982 8.9999984 8.9999984 8.9999985 8.9999985 8.9999985 8.9999986 8.9999985 8.9999985 8.9999986 8.9999990 8.9999990 8.9999982 8.9999985 8.9999989 8.9999989 8.9999989 8.9999981 8.9999987 8.9999982 8.9999982 8.9999986 8.9999982 8.9999989 8.9999988 8.9999980 8.9999985 2.5802047 2.4824362 2.3918180 2.3033886 2.3077731 2.7487835 2.2081025 3.0202100 2.9782623 1.9370297 0.7487016 0.8688418 0.9702815 0.7737988 0.6683582 0.0000000 1.4752622 1.3733119 1.5243373 1.5509720 1.4030035 1.4289790 1.6815656 1.2125030 8.9999986 
Yunnan2011_JX993988                8.9999987 8.9999987 8.9999985 8.9999986 8.9999989 8.9999982 8.9999981 8.9999982 8.9999983 8.9999982 8.9999981 8.9999982 8.9999982 8.9999982 8.9999982 8.9999982 8.9999982 8.9999982 8.9999982 8.9999983 8.9999980 8.9999980 8.9999981 8.9999986 8.9999990 8.9999990 8.9999980 8.9999982 8.9999987 8.9999986 8.9999985 8.9999989 8.9999985 8.9999987 8.9999988 8.9999983 8.9999986 3.1379618 3.3418802 2.8944589 2.6647354 2.5913039 3.1584231 2.7627237 3.2846236 3.3580645 2.3467888 1.1523913 1.0658142 1.1230490 1.4984948 1.8443991 1.4752622 0.0000000 1.6593095 2.1242225 2.1557048 2.1838716 2.1725006 1.9648781 1.5703990 8.9999989 
Rs4247_KY417148                    8.9999980 8.9999985 8.9999984 8.9999985 8.9999982 8.9999989 8.9999980 8.9999983 8.9999986 8.9999989 8.9999987 8.9999990 8.9999983 8.9999983 8.9999983 8.9999983 8.9999986 8.9999983 8.9999983 8.9999984 8.9999982 8.9999982 8.9999987 8.9999982 8.9999990 8.9999989 8.9999990 8.9999982 8.9999985 8.9999987 8.9999989 8.9999986 8.9999982 8.9999983 8.9999989 8.9999984 8.9999980 2.4997409 2.8270292 2.6222468 2.3491232 2.5971903 2.6700934 2.2711634 3.1133113 3.0636435 1.6747881 0.8947075 0.5804970 0.6448917 0.7871307 0.8676216 1.3733119 1.6593095 0.0000000 0.5106663 0.5244998 0.3830985 0.4372535 0.6187788 0.6773301 8.9999990 
HKU3-13_GQ153548                   8.9999983 8.9999989 8.9999982 8.9999984 8.9999981 8.9999983 8.9999984 8.9999985 8.9999987 8.9999983 8.9999981 8.9999983 8.9999984 8.9999984 8.9999984 8.9999984 8.9999986 8.9999984 8.9999984 8.9999985 8.9999981 8.9999981 8.9999980 8.9999984 8.9999985 8.9999985 8.9999986 8.9999985 8.9999985 8.9999985 8.9999985 8.9999988 8.9999980 8.9999989 8.9999989 8.9999986 8.9999985 2.7510544 2.9740522 2.7103717 2.2504396 2.5705437 2.5736377 2.5396859 3.5548318 3.2274609 2.1245239 1.2073354 1.2138403 1.2224341 0.8776815 0.9976601 1.5243373 2.1242225 0.5106663 0.0000000 0.0054403 0.2747143 0.2142364 0.1517079 0.7285511 8.9999990 
HKU3-1_DQ022305                    8.9999983 8.9999989 8.9999982 8.9999984 8.9999982 8.9999983 8.9999984 8.9999985 8.9999987 8.9999983 8.9999981 8.9999983 8.9999984 8.9999984 8.9999984 8.9999984 8.9999986 8.9999984 8.9999984 8.9999985 8.9999980 8.9999981 8.9999980 8.9999984 8.9999985 8.9999985 8.9999986 8.9999985 8.9999985 8.9999985 8.9999985 8.9999987 8.9999990 8.9999989 8.9999989 8.9999987 8.9999985 2.7834289 2.9064039 2.7223341 2.2626990 2.5827821 2.5992025 2.5725457 3.5850540 3.2580191 2.0612767 1.1675818 1.1743268 1.1828953 0.8970928 1.0193453 1.5509720 2.1557048 0.5244998 0.0054403 0.0000000 0.2848755 0.2236193 0.1426183 0.7452463 8.9999990 
GX2013_KJ473815                    8.9999980 8.9999986 8.9999982 8.9999982 8.9999988 8.9999988 8.9999989 8.9999981 8.9999984 8.9999988 8.9999987 8.9999988 8.9999989 8.9999989 8.9999989 8.9999989 8.9999982 8.9999990 8.9999989 8.9999990 8.9999983 8.9999983 8.9999984 8.9999990 8.9999987 8.9999987 8.9999987 8.9999980 8.9999985 8.9999989 8.9999985 8.9999989 8.9999985 8.9999990 8.9999983 8.9999984 8.9999986 2.5811076 2.7902995 2.5093804 2.2354912 2.5634355 2.5393154 2.7989297 3.4764362 3.1826972 1.6466152 1.0417630 0.8752640 0.8773022 0.8566290 1.0824780 1.4030035 2.1838716 0.3830985 0.2747143 0.2848755 0.0000000 0.2024215 0.3554294 0.7152780 8.9999990 
Longquan-140_KF294457              8.9999989 8.9999982 8.9999986 8.9999982 8.9999988 8.9999990 8.9999981 8.9999984 8.9999987 8.9999990 8.9999989 8.9999980 8.9999982 8.9999982 8.9999982 8.9999982 8.9999985 8.9999983 8.9999983 8.9999983 8.9999986 8.9999986 8.9999988 8.9999984 8.9999983 8.9999983 8.9999984 8.9999990 8.9999985 8.9999985 8.9999989 8.9999983 8.9999985 8.9999980 8.9999980 8.9999984 8.9999985 2.8274649 2.7538327 2.4702286 2.2810972 2.6140159 2.5930920 2.6108360 3.6805293 3.4585368 2.0858220 1.1879646 1.0308382 1.0808566 0.9687057 1.0705271 1.4289790 2.1725006 0.4372535 0.2142364 0.2236193 0.2024215 0.0000000 0.3543030 0.8668329 8.9999983 
HKU3-8_GQ153543                    8.9999989 8.9999983 8.9999988 8.9999988 8.9999981 8.9999985 8.9999985 8.9999986 8.9999988 8.9999985 8.9999983 8.9999985 8.9999985 8.9999985 8.9999985 8.9999985 8.9999987 8.9999985 8.9999985 8.9999986 8.9999990 8.9999980 8.9999981 8.9999987 8.9999986 8.9999986 8.9999986 8.9999985 8.9999985 8.9999985 8.9999990 8.9999986 8.9999982 8.9999989 8.9999989 8.9999984 8.9999985 3.0238591 3.0356389 3.0442784 2.7687024 3.0906110 3.1840015 2.3012663 3.9972330 3.6534138 1.9109821 1.3244134 1.3914133 1.3276778 1.1189529 1.0859072 1.6815656 1.9648781 0.6187788 0.1517079 0.1426183 0.3554294 0.3543030 0.0000000 0.7185744 8.9999987 
