Ancestral Node,Pos,A,C,D,E,F,G,H,I,K,L,M,N,P,Q,R,S,T,V,W,Y
N1,1,0.0446127,0.00605879,0.266924,0.0761801,0.0148997,0.0404558,0.0173446,0.0226477,0.0446196,0.0353455,0.00902395,0.211744,0.0223713,0.029849,0.0336885,0.0464971,0.0327579,0.0269257,0.00414188,0.0139131
N1,2,0.044124,0.00813545,0.0188455,0.0266648,0.0309677,0.0216302,0.00937537,0.25758,0.025359,0.113823,0.0238302,0.0165331,0.0178118,0.0168531,0.0221396,0.0279641,0.0313763,0.262831,0.00596207,0.0181931
N1,3,0.0750394,0.0101474,0.0343735,0.0438594,0.018703,0.0390502,0.0133655,0.0323293,0.0408482,0.0474069,0.0126116,0.0362108,0.0283684,0.0262653,0.0336007,0.220998,0.226017,0.0405028,0.00486335,0.0154396
N1,4,0.184133,0.00990787,0.0518416,0.054932,0.0179573,0.0594125,0.017872,0.0291943,0.0482188,0.0439239,0.0119234,0.156456,0.0271685,0.0321024,0.0366023,0.104876,0.0555944,0.0370494,0.00474259,0.0160925
N1,5,0.0635977,0.00787581,0.0374129,0.179489,0.0267063,0.0284658,0.0157616,0.0512812,0.0475647,0.201755,0.0278032,0.0265723,0.0247763,0.0557789,0.0367263,0.0405197,0.0404388,0.061327,0.00623053,0.0199169
N1,6,0.0507363,0.479907,0.0228062,0.0305617,0.0243393,0.0301329,0.0108639,0.0352906,0.0283958,0.0539539,0.0126512,0.020382,0.0196676,0.0184475,0.0252604,0.0377146,0.0309826,0.0422345,0.00628551,0.0193866
N1,7,0.0403871,0.00533085,0.0241128,0.0327182,0.0143212,0.025306,0.00956681,0.0228034,0.0286911,0.0359439,0.00860495,0.0186261,0.591239,0.0186418,0.0243699,0.0318052,0.0250144,0.0268946,0.00388214,0.0117406
N1,8,0.0323561,0.00709164,0.0170719,0.0235383,0.473763,0.0190697,0.0119921,0.0432128,0.022484,0.0860337,0.0165372,0.015227,0.0151283,0.015153,0.0202353,0.0237228,0.0222184,0.042112,0.0162777,0.0767747
N1,9,0.0739235,0.00723691,0.0460321,0.0681483,0.0158935,0.228688,0.0190798,0.0246776,0.0545082,0.0393119,0.0107454,0.0442633,0.0247975,0.152317,0.0467108,0.059412,0.0351686,0.0302296,0.00477553,0.0140804
N1,10,0.0695807,0.00796867,0.0429052,0.0669414,0.0175632,0.0392343,0.0211765,0.0276604,0.0590485,0.0441014,0.0121176,0.0441865,0.0292731,0.177747,0.0490652,0.184126,0.0531333,0.0334843,0.00487257,0.015814
N1,11,0.0435876,0.00826351,0.0186499,0.026496,0.0369032,0.0213116,0.00964995,0.126733,0.0254067,0.281379,0.0305695,0.0163944,0.0178912,0.0172435,0.0224216,0.027558,0.0299179,0.213277,0.00660698,0.0197393
N1,12,0.0380081,0.0083143,0.0178213,0.0249032,0.220699,0.0201508,0.0110215,0.199352,0.0239516,0.15228,0.028248,0.0160374,0.0163704,0.0162206,0.0214066,0.0261601,0.0267776,0.0827501,0.0102781,0.0392484
N1,13,0.0459361,0.00666991,0.0644153,0.0541059,0.0161805,0.041678,0.0204794,0.0241795,0.0482567,0.0376992,0.00966643,0.407409,0.0221356,0.0293069,0.0371103,0.0499768,0.0361639,0.0285912,0.0044561,0.0155832
N1,14,0.232408,0.0123062,0.0243783,0.0352771,0.0247177,0.0325714,0.0109458,0.0667318,0.0316233,0.0761986,0.0191387,0.0213998,0.0245784,0.0213244,0.0269934,0.0443504,0.0467514,0.225796,0.00550254,0.0170064
N1,15,0.0633533,0.00909898,0.0315341,0.0417475,0.0191663,0.0340784,0.0126907,0.0362647,0.0397245,0.0507003,0.0136855,0.0308812,0.0260391,0.0250733,0.0324824,0.0688525,0.3991,0.0452654,0.0048727,0.015389
N1,16,0.0623781,0.00899011,0.0310753,0.0414355,0.0193454,0.033039,0.0126293,0.0370635,0.0397962,0.0515881,0.0139117,0.0304578,0.0255822,0.0250253,0.0324881,0.0660793,0.402685,0.0461087,0.0048879,0.0154329
N1,17,0.0380081,0.0083143,0.0178213,0.0249032,0.220699,0.0201508,0.0110215,0.199352,0.0239516,0.15228,0.028248,0.0160374,0.0163704,0.0162206,0.0214066,0.0261601,0.0267776,0.0827501,0.0102781,0.0392484
N1,18,0.0403871,0.00533085,0.0241128,0.0327182,0.0143212,0.025306,0.00956681,0.0228034,0.0286911,0.0359439,0.00860495,0.0186261,0.591239,0.0186418,0.0243699,0.0318052,0.0250144,0.0268946,0.00388214,0.0117406
N1,19,0.077291,0.0105115,0.0371552,0.0451277,0.0178124,0.0470622,0.0136609,0.0284588,0.0401861,0.0432373,0.0111548,0.0378799,0.0304498,0.0261483,0.0336952,0.385383,0.0597202,0.0350758,0.00478852,0.0152011
N1,20,0.0847729,0.00870205,0.0249614,0.0364112,0.0223001,0.0280322,0.0115001,0.0551697,0.0329633,0.0720996,0.0161228,0.0211022,0.241908,0.0227035,0.0279974,0.0449423,0.0459304,0.181326,0.00513035,0.0159245
N1,21,0.181154,0.0163957,0.0267103,0.0366398,0.0622786,0.0325044,0.0273879,0.0408095,0.0335605,0.0683641,0.0172871,0.0274096,0.0229893,0.0251123,0.0311017,0.0550938,0.0384246,0.0514571,0.0122966,0.193023
N1,22,0.183508,0.0154358,0.0229433,0.0320489,0.19129,0.0307343,0.0156984,0.0541335,0.0297811,0.0972611,0.0239457,0.0216267,0.0224224,0.0211396,0.0266986,0.0485347,0.0372438,0.0694068,0.010692,0.0454548
N1,23,0.0265572,0.00518694,0.0156422,0.0214683,0.033477,0.01779,0.00927291,0.0255679,0.0205117,0.0453102,0.00985905,0.0134183,0.0132894,0.0133881,0.0189536,0.0202055,0.0180342,0.0270888,0.613039,0.0319401
N1,24,0.0467303,0.00596067,0.0495964,0.209283,0.0152212,0.0323528,0.0181334,0.0237957,0.114317,0.0378983,0.00993433,0.033501,0.023446,0.0656234,0.194962,0.0401872,0.0322084,0.028356,0.00454958,0.0139433
N1,25,0.0396668,0.0059285,0.0292422,0.0445582,0.0158816,0.0285941,0.016572,0.0241695,0.093747,0.0389268,0.00989677,0.0264432,0.0211599,0.0347217,0.460566,0.0339999,0.0284608,0.0279798,0.0050286,0.0144569
N1,26,0.0496998,0.0088721,0.02734,0.038871,0.0430865,0.027271,0.158657,0.0467849,0.0455433,0.0953645,0.134199,0.0325283,0.021493,0.0478857,0.0431429,0.0391355,0.0396788,0.0499013,0.00866674,0.0418784
N1,27,0.0422633,0.00895622,0.0264383,0.0379864,0.0426195,0.026356,0.0559934,0.0320554,0.0571735,0.057488,0.0142528,0.0297453,0.0199821,0.0336568,0.19478,0.0371241,0.0306738,0.0354706,0.0154316,0.201552
N1,28,0.0441207,0.00813523,0.0188415,0.0266591,0.030965,0.0216264,0.00937347,0.257623,0.0253531,0.113815,0.0238092,0.0165299,0.0178097,0.0168492,0.0221344,0.0279603,0.0313737,0.26287,0.00596078,0.0181907
N1,29,0.0622536,0.00878649,0.0352386,0.0503548,0.0172489,0.0397666,0.0195177,0.0269833,0.0821194,0.0427246,0.0113581,0.0403425,0.0274474,0.0403347,0.214623,0.177871,0.0495971,0.0324807,0.00519632,0.0157554
N1,30,0.0446167,0.00606075,0.266539,0.0761287,0.014906,0.0404578,0.0173505,0.0226553,0.0446249,0.0353577,0.00902673,0.2121,0.0223704,0.0298457,0.0336959,0.0465025,0.0327651,0.0269335,0.00414361,0.0139195
N1,31,0.0507363,0.479907,0.0228062,0.0305617,0.0243393,0.0301329,0.0108639,0.0352906,0.0283958,0.0539539,0.0126512,0.020382,0.0196676,0.0184475,0.0252604,0.0377146,0.0309826,0.0422345,0.00628551,0.0193866
N1,32,0.0755439,0.0120401,0.0372829,0.0454181,0.0245688,0.0362592,0.0176646,0.0649285,0.0447103,0.0674373,0.0196032,0.141594,0.0235781,0.0291235,0.0343505,0.0600592,0.0789478,0.161082,0.00551376,0.0202942
N1,33,0.181159,0.0163945,0.0267224,0.0366501,0.0622477,0.0325104,0.0273966,0.0407923,0.0335715,0.0683336,0.0172817,0.0274292,0.0229937,0.0251183,0.0311112,0.0551564,0.0384398,0.0514394,0.0122931,0.192959
N1,34,0.0411218,0.00549318,0.464286,0.0946459,0.0138445,0.0357628,0.0132852,0.0212689,0.0390795,0.0332261,0.00840363,0.0433086,0.0217984,0.0272502,0.030159,0.0373844,0.0280789,0.0252455,0.00386612,0.0124917
N1,35,0.0399273,0.00959232,0.0192514,0.0268054,0.111356,0.0210691,0.0163925,0.171886,0.0261624,0.116586,0.025099,0.0184888,0.0169569,0.0181231,0.0239109,0.0283843,0.0293426,0.0764684,0.0130465,0.191151
N1,36,0.0772818,0.0105108,0.0371422,0.0451178,0.0178191,0.0470327,0.0136593,0.0284772,0.0401835,0.0432614,0.0111606,0.0378714,0.0304402,0.0261462,0.0336923,0.385327,0.0597865,0.0350965,0.00478938,0.0152036
N1,37,0.0492346,0.00888445,0.019615,0.0278081,0.0289848,0.02283,0.00952364,0.113577,0.0261484,0.100176,0.0214246,0.017139,0.0187141,0.0173515,0.0227309,0.0295989,0.0332855,0.409472,0.00580271,0.017699
N1,38,0.0357602,0.00771067,0.0175517,0.0245312,0.243668,0.019728,0.0112329,0.0657588,0.023664,0.292513,0.0274949,0.0156766,0.0161592,0.0161857,0.021307,0.0252067,0.0246674,0.0572141,0.0118904,0.0420799
N1,39,0.053603,0.012712,0.0267306,0.0353841,0.058517,0.0270208,0.0312625,0.0433301,0.0354584,0.0686969,0.0186916,0.0336588,0.0211872,0.0254143,0.0324114,0.0581456,0.160835,0.0499659,0.0117479,0.195227
N1,40,0.0446127,0.00605879,0.266924,0.0761801,0.0148997,0.0404558,0.0173446,0.0226477,0.0446196,0.0353455,0.00902395,0.211744,0.0223713,0.029849,0.0336885,0.0464971,0.0327579,0.0269257,0.00414188,0.0139131
N1,41,0.0601174,0.00853763,0.0540756,0.0516699,0.0171231,0.0481518,0.0182894,0.0263357,0.0470648,0.0405426,0.0105603,0.209913,0.0260177,0.0298746,0.0371193,0.208694,0.0536855,0.031778,0.00464834,0.0158017
N1,42,0.246216,0.0116528,0.0336236,0.0446283,0.018684,0.0498993,0.0127176,0.032218,0.0385091,0.0474978,0.0124409,0.0306492,0.0309343,0.0257175,0.032138,0.201737,0.0685007,0.0421501,0.00486632,0.015219
N1,43,0.119839,0.0121641,0.0414663,0.0517198,0.0231198,0.0515865,0.0161221,0.0358149,0.0463919,0.0550883,0.0143326,0.0409477,0.0351422,0.0308188,0.0394342,0.253366,0.0617704,0.0452285,0.00621675,0.0194296
N1,44,0.0608767,0.0073033,0.225171,0.0790966,0.0156322,0.0471762,0.0154634,0.0243909,0.043305,0.0377031,0.00973279,0.0663368,0.0274211,0.0305289,0.033576,0.183619,0.0445932,0.0296465,0.0043049,0.014122
N1,45,0.0431244,0.0101365,0.0185407,0.0259344,0.208529,0.0212531,0.0114812,0.10099,0.0247702,0.135832,0.0262616,0.0167332,0.0172267,0.0168365,0.0221162,0.0280792,0.0290425,0.193317,0.010226,0.039569
N1,46,0.0588367,0.0147633,0.0294717,0.0369116,0.0564538,0.0314616,0.0349159,0.0351694,0.0354209,0.0594914,0.0147817,0.0383656,0.0229496,0.0258993,0.0333255,0.167599,0.0441721,0.0405001,0.0121061,0.207405
N1,47,0.0750394,0.0101474,0.0343735,0.0438594,0.018703,0.0390502,0.0133655,0.0323293,0.0408482,0.0474069,0.0126116,0.0362108,0.0283684,0.0262653,0.0336007,0.220998,0.226017,0.0405028,0.00486335,0.0154396
N1,48,0.0357593,0.00771085,0.0175516,0.0245307,0.243748,0.0197279,0.0112337,0.0657528,0.0236634,0.292437,0.0274925,0.0156766,0.0161588,0.0161853,0.0213066,0.0252065,0.0246666,0.0572098,0.011892,0.0420903
N1,49,0.0443525,0.00595894,0.037255,0.0715377,0.0159593,0.030282,0.0189435,0.0249981,0.245912,0.0402487,0.0108455,0.033446,0.0232503,0.194436,0.0832233,0.038487,0.0326126,0.029253,0.00457481,0.0144242
N1,50,0.0507363,0.479907,0.0228062,0.0305617,0.0243393,0.0301329,0.0108639,0.0352906,0.0283958,0.0539539,0.0126512,0.020382,0.0196676,0.0184475,0.0252604,0.0377146,0.0309826,0.0422345,0.00628551,0.0193866
N1,51,0.0314821,0.00678858,0.0187865,0.0253857,0.0830426,0.0198798,0.0195486,0.0315989,0.0242498,0.0569819,0.0122354,0.0171124,0.0153116,0.0163926,0.0221912,0.0244115,0.0217282,0.0330069,0.0192123,0.500653
N1,52,0.051779,0.00650128,0.0312523,0.03708,0.0141918,0.552118,0.0103386,0.0220759,0.031119,0.034196,0.00855411,0.0258654,0.020359,0.019662,0.0264692,0.0390326,0.0267074,0.0265231,0.00417577,0.0119992
N1,53,0.0492346,0.00888445,0.019615,0.0278081,0.0289848,0.02283,0.00952364,0.113577,0.0261484,0.100176,0.0214246,0.017139,0.0187141,0.0173515,0.0227309,0.0295989,0.0332855,0.409472,0.00580271,0.017699
N1,54,0.248702,0.0117544,0.0340166,0.044864,0.018533,0.0513944,0.0127705,0.0313539,0.0384854,0.0466714,0.0121393,0.0309322,0.0313153,0.0257462,0.0321982,0.212676,0.0558304,0.0405787,0.00485423,0.015184
N1,55,0.0403871,0.00533085,0.0241128,0.0327182,0.0143212,0.025306,0.00956681,0.0228034,0.0286911,0.0359439,0.00860495,0.0186261,0.591239,0.0186418,0.0243699,0.0318052,0.0250144,0.0268946,0.00388214,0.0117406
N1,56,0.0750394,0.0101474,0.0343735,0.0438594,0.018703,0.0390502,0.0133655,0.0323293,0.0408482,0.0474069,0.0126116,0.0362108,0.0283684,0.0262653,0.0336007,0.220998,0.226017,0.0405028,0.00486335,0.0154396
N1,57,0.0643189,0.00763362,0.0392588,0.0583077,0.0166545,0.0394587,0.0165057,0.0267234,0.209207,0.0416041,0.0112722,0.0489708,0.0278887,0.040864,0.0685038,0.174905,0.0560668,0.0323522,0.00467803,0.0148259
N1,58,0.0370185,0.00709627,0.0177408,0.0251002,0.0423663,0.0199543,0.00956863,0.0768504,0.0243096,0.493489,0.030512,0.015561,0.0167976,0.0165974,0.0216729,0.025335,0.0257282,0.0654534,0.00741624,0.021432
N1,59,0.184133,0.00990787,0.0518416,0.054932,0.0179573,0.0594125,0.017872,0.0291943,0.0482188,0.0439239,0.0119234,0.156456,0.0271685,0.0321024,0.0366023,0.104876,0.0555944,0.0370494,0.00474259,0.0160925
N1,60,0.0411218,0.00549318,0.464286,0.0946459,0.0138445,0.0357628,0.0132852,0.0212689,0.0390795,0.0332261,0.00840363,0.0433086,0.0217984,0.0272502,0.030159,0.0373844,0.0280789,0.0252455,0.00386612,0.0124917
N1,61,0.0395793,0.00743603,0.0186465,0.0265133,0.0410032,0.020965,0.0100068,0.0815099,0.0259705,0.327907,0.173911,0.0164578,0.0173311,0.0180575,0.023065,0.0269032,0.0280889,0.0681088,0.00733698,0.0212023
N1,62,0.0507363,0.479907,0.0228062,0.0305617,0.0243393,0.0301329,0.0108639,0.0352906,0.0283958,0.0539539,0.0126512,0.020382,0.0196676,0.0184475,0.0252604,0.0377146,0.0309826,0.0422345,0.00628551,0.0193866
N1,63,0.0308639,0.00693263,0.0167855,0.0231682,0.237593,0.0192581,0.0122248,0.0352358,0.0223797,0.0715706,0.0145607,0.0149175,0.0146383,0.015017,0.0209453,0.0231338,0.0210156,0.0357341,0.280905,0.0831209
N1,64,0.074143,0.00728238,0.0744077,0.220589,0.0159338,0.0419425,0.0150486,0.0254752,0.0529727,0.0394154,0.0103576,0.0423026,0.0286073,0.0432419,0.0381421,0.17124,0.0488918,0.0314548,0.00441178,0.0141399
N1,65,0.0712208,0.00713794,0.0796273,0.220013,0.0158093,0.046529,0.0153675,0.0251864,0.0535243,0.0390049,0.0102336,0.0545325,0.0278643,0.0431378,0.0380837,0.156281,0.0469755,0.0309973,0.00438746,0.0140872
N1,66,0.232348,0.0123068,0.0243727,0.0352686,0.0247223,0.0325671,0.010944,0.066753,0.0316109,0.0762159,0.0191412,0.0213954,0.0245763,0.0213192,0.0269842,0.0443435,0.0467497,0.225871,0.00550302,0.0170075
N1,67,0.0369639,0.00743144,0.0249981,0.0328974,0.0550079,0.0241263,0.20274,0.0303938,0.0323167,0.0535421,0.0123512,0.026033,0.0183483,0.0240055,0.0313819,0.0307571,0.0260598,0.0330765,0.0133729,0.284196
N1,68,0.175946,0.0113046,0.0231174,0.0334093,0.0276913,0.0295305,0.010975,0.168056,0.0310705,0.0956151,0.0260418,0.0208327,0.0231624,0.0210649,0.026651,0.0415531,0.0479716,0.162305,0.00575774,0.0179434
N1,69,0.0411218,0.00549318,0.464286,0.0946459,0.0138445,0.0357628,0.0132852,0.0212689,0.0390795,0.0332261,0.00840363,0.0433086,0.0217984,0.0272502,0.030159,0.0373844,0.0280789,0.0252455,0.00386612,0.0124917
N1,70,0.0314847,0.00678885,0.0187887,0.0253886,0.0830364,0.0198823,0.0195489,0.0315986,0.0242522,0.0569804,0.0122353,0.0171141,0.0153133,0.016394,0.0221931,0.0244139,0.0217299,0.0330072,0.0192097,0.50064
N1,71,0.0382517,0.0082582,0.0184697,0.0258437,0.234338,0.020783,0.0120872,0.0669311,0.0251402,0.155181,0.153419,0.0167237,0.0166311,0.0173701,0.0225942,0.0270164,0.0268999,0.0584928,0.011978,0.0435913
N1,72,0.0703713,0.00868361,0.0279632,0.0484501,0.0224109,0.0294108,0.0141283,0.0623627,0.183153,0.0720152,0.0217016,0.0279386,0.0241004,0.0344836,0.0561203,0.0430313,0.0570689,0.173606,0.0055043,0.0174956
N1,73,0.0441222,0.00813553,0.0188412,0.0266588,0.030965,0.0216262,0.00937342,0.257567,0.0253528,0.113812,0.0238086,0.0165298,0.0178096,0.016849,0.0221342,0.0279605,0.0313742,0.262928,0.0059609,0.0181909
N1,74,0.0643156,0.00763527,0.0392489,0.0582921,0.0166567,0.039458,0.0165104,0.0267245,0.209149,0.0416077,0.0112727,0.0489608,0.0278874,0.0408637,0.0685923,0.174904,0.05606,0.0323529,0.0046796,0.0148286
N1,75,0.070789,0.00659743,0.0767246,0.20733,0.014604,0.234822,0.0134125,0.0229882,0.04651,0.0357434,0.00928766,0.038865,0.0238291,0.0340109,0.0349849,0.0517056,0.0324233,0.0283263,0.00425856,0.0127873
N1,76,0.0458675,0.00582985,0.191549,0.123355,0.014676,0.0359601,0.0171441,0.0228618,0.188743,0.0358895,0.00936751,0.065451,0.0236555,0.0427534,0.0533092,0.0447402,0.0340181,0.0272316,0.00415942,0.0134382
N1,77,0.0411965,0.00549953,0.46079,0.0972273,0.0138791,0.0356795,0.0134317,0.0213126,0.0392946,0.0333007,0.00842379,0.0431293,0.0218255,0.0274844,0.0302986,0.0373978,0.0281191,0.0252969,0.00387641,0.0125365
N1,78,0.0441222,0.00813553,0.0188412,0.0266588,0.030965,0.0216262,0.00937342,0.257567,0.0253528,0.113812,0.0238086,0.0165298,0.0178096,0.016849,0.0221342,0.0279605,0.0313742,0.262928,0.00596089,0.0181909
N1,79,0.0471564,0.0107361,0.0239561,0.0351899,0.163707,0.0265169,0.0339717,0.0431234,0.0512098,0.0954862,0.0232124,0.0252846,0.0206367,0.0304081,0.163081,0.0399622,0.0337215,0.0456705,0.0175028,0.0694659
N1,80,0.0695805,0.0079689,0.0428998,0.0669343,0.0175648,0.039233,0.021177,0.0276623,0.059049,0.0441047,0.0121183,0.0441856,0.029273,0.177748,0.0490666,0.184126,0.0531337,0.033486,0.00487304,0.0158152
N1,81,0.03801,0.00831415,0.0178218,0.024904,0.220617,0.0201514,0.0110205,0.199419,0.0239524,0.152285,0.0282496,0.0160376,0.016371,0.016221,0.021407,0.0261607,0.0267794,0.082765,0.0102759,0.0392373
N1,82,0.196029,0.00805553,0.0356071,0.0620355,0.0173047,0.0423365,0.0149524,0.0296986,0.202166,0.045415,0.0128693,0.0341118,0.0286386,0.0408181,0.0623157,0.0619267,0.047798,0.0383133,0.00475806,0.0148497
N1,83,0.0403871,0.00533085,0.0241128,0.0327182,0.0143212,0.025306,0.00956681,0.0228034,0.0286911,0.0359439,0.00860495,0.0186261,0.591239,0.0186418,0.0243699,0.0318052,0.0250144,0.0268946,0.00388214,0.0117406
N1,84,0.090083,0.00935814,0.0379353,0.0436074,0.0164383,0.274342,0.0125832,0.0260408,0.0373047,0.0398935,0.0102305,0.038098,0.0261492,0.0240325,0.0316427,0.190717,0.0407955,0.0322073,0.00466306,0.0138779
N1,85,0.0739376,0.00723761,0.0459823,0.0681139,0.0158939,0.228693,0.0190801,0.0246788,0.0545108,0.0393143,0.0107464,0.0442576,0.0247976,0.152371,0.0467169,0.0594114,0.0351691,0.0302314,0.00477595,0.0140803
N1,86,0.226595,0.0109621,0.0314303,0.0435312,0.0194356,0.0407026,0.0124268,0.0372814,0.0389163,0.0520314,0.0143782,0.0290169,0.0287397,0.0256936,0.0318812,0.0863452,0.197452,0.052894,0.00491772,0.0153693
N1,87,0.051779,0.00650128,0.0312523,0.03708,0.0141918,0.552118,0.0103386,0.0220759,0.031119,0.034196,0.00855411,0.0258654,0.020359,0.019662,0.0264692,0.0390326,0.0267074,0.0265231,0.00417577,0.0119992
N1,88,0.0876399,0.00948146,0.15902,0.0893145,0.0212417,0.0369106,0.0150884,0.0468601,0.0408838,0.0589008,0.0159308,0.0428535,0.0263655,0.0304812,0.0315767,0.05412,0.0600766,0.150611,0.00508462,0.0175592
N1,89,0.03801,0.00831415,0.0178218,0.024904,0.220617,0.0201514,0.0110205,0.199419,0.0239524,0.152285,0.0282496,0.0160376,0.016371,0.016221,0.021407,0.0261607,0.0267794,0.082765,0.0102759,0.0392373
N1,90,0.426134,0.0109452,0.0302803,0.042463,0.0190051,0.0496598,0.0116717,0.0344915,0.035568,0.0500157,0.0127921,0.0253777,0.0297576,0.0238136,0.0298557,0.0593978,0.0423963,0.0465525,0.00486901,0.014953
N1,91,0.0458675,0.00582985,0.191549,0.123355,0.014676,0.0359601,0.0171441,0.0228618,0.188743,0.0358895,0.00936751,0.065451,0.0236555,0.0427534,0.0533092,0.0447402,0.0340181,0.0272316,0.00415942,0.0134382
N1,92,0.0314821,0.00678858,0.0187865,0.0253857,0.0830426,0.0198798,0.0195486,0.0315989,0.0242498,0.0569819,0.0122354,0.0171124,0.0153116,0.0163926,0.0221912,0.0244115,0.0217282,0.0330069,0.0192123,0.500653
N1,93,0.0459361,0.00666991,0.0644153,0.0541059,0.0161805,0.041678,0.0204794,0.0241795,0.0482567,0.0376992,0.00966643,0.407409,0.0221356,0.0293069,0.0371103,0.0499768,0.0361639,0.0285912,0.0044561,0.0155832
N1,94,0.0314821,0.00678858,0.0187865,0.0253857,0.0830426,0.0198798,0.0195486,0.0315989,0.0242498,0.0569819,0.0122354,0.0171124,0.0153116,0.0163926,0.0221912,0.0244115,0.0217282,0.0330069,0.0192123,0.500653
N1,95,0.0411831,0.00574529,0.0334507,0.0544791,0.015237,0.0293788,0.0147095,0.0239685,0.445059,0.0379725,0.00985779,0.0302279,0.0218903,0.0373564,0.0876873,0.0355412,0.0303242,0.0279984,0.00438499,0.0135481
N1,96,0.0370185,0.00709627,0.0177408,0.0251002,0.0423663,0.0199543,0.00956863,0.0768504,0.0243096,0.493489,0.030512,0.015561,0.0167976,0.0165974,0.0216729,0.025335,0.0257282,0.0654534,0.00741624,0.021432
N1,97,0.0403871,0.00533085,0.0241128,0.0327182,0.0143212,0.025306,0.00956681,0.0228034,0.0286911,0.0359439,0.00860495,0.0186261,0.591239,0.0186418,0.0243699,0.0318052,0.0250144,0.0268946,0.00388214,0.0117406
N1,98,0.0608774,0.0073044,0.225081,0.0790841,0.0156344,0.0471735,0.0154625,0.0243941,0.0433021,0.0377081,0.0097338,0.0663196,0.0274211,0.0305257,0.0335748,0.18373,0.0445944,0.02965,0.00430546,0.0141233
N1,99,0.0411237,0.00549329,0.464209,0.0947022,0.0138457,0.0357558,0.0132853,0.0212716,0.0390887,0.0332305,0.0084047,0.0432974,0.0217994,0.027258,0.0301652,0.0373829,0.0280797,0.0252484,0.00386647,0.0124923
N1,100,0.0323561,0.00709164,0.0170719,0.0235383,0.473763,0.0190697,0.0119921,0.0432128,0.022484,0.0860337,0.0165372,0.015227,0.0151283,0.015153,0.0202353,0.0237228,0.0222184,0.042112,0.0162777,0.0767747
N1,101,0.0607378,0.00959586,0.0247663,0.0353664,0.0279333,0.0275303,0.0123665,0.0653173,0.0363938,0.0936592,0.161664,0.0243343,0.0220169,0.0254942,0.0303359,0.0471764,0.199203,0.071091,0.00610965,0.0189087
N1,102,0.051779,0.00650128,0.0312523,0.03708,0.0141918,0.552118,0.0103386,0.0220759,0.031119,0.034196,0.00855411,0.0258654,0.020359,0.019662,0.0264692,0.0390326,0.0267074,0.0265231,0.00417577,0.0119992
N1,103,0.0507363,0.479907,0.0228062,0.0305617,0.0243393,0.0301329,0.0108639,0.0352906,0.0283958,0.0539539,0.0126512,0.020382,0.0196676,0.0184475,0.0252604,0.0377146,0.0309826,0.0422345,0.00628551,0.0193866
N1,104,0.0700199,0.010678,0.02444,0.0346685,0.0248964,0.0279727,0.0112767,0.0788341,0.0329888,0.0778658,0.0210557,0.0227335,0.0228654,0.0216806,0.0278216,0.0462546,0.199502,0.221648,0.00550049,0.0172978
N1,105,0.0435886,0.00826321,0.0186508,0.026497,0.0368923,0.0213128,0.00964946,0.126837,0.0254072,0.281282,0.030561,0.016395,0.0178914,0.0172433,0.0224215,0.0275591,0.0299203,0.213287,0.00660519,0.0197353
N1,106,0.232416,0.0123072,0.0243754,0.035272,0.0247198,0.0325724,0.0109445,0.0667378,0.0316131,0.0762053,0.0191396,0.0213973,0.0245787,0.0213207,0.0269858,0.0443499,0.0467505,0.225804,0.00550274,0.0170067
N1,107,0.0308632,0.00693246,0.0167854,0.0231681,0.237513,0.0192584,0.0122246,0.0352326,0.0223798,0.0715643,0.0145597,0.0149174,0.0146381,0.015017,0.020946,0.0231335,0.021015,0.0357315,0.281007,0.0831132
N1,108,0.0580079,0.00829344,0.0480237,0.0505458,0.0179811,0.0393639,0.0178193,0.0297175,0.0496584,0.0441629,0.0120114,0.193866,0.0246144,0.0304135,0.0372607,0.0848203,0.196643,0.0359756,0.00473098,0.0160905
N1,109,0.058013,0.00829389,0.0480188,0.0505449,0.0179807,0.0393651,0.0178174,0.029718,0.0496564,0.0441629,0.0120115,0.1938,0.0246163,0.0304127,0.0372599,0.0848301,0.196701,0.035977,0.00473091,0.0160897
N1,110,0.0443838,0.00600279,0.0373394,0.0699304,0.0160522,0.030481,0.0196861,0.0250366,0.226122,0.0403822,0.0108538,0.0350316,0.0232172,0.193765,0.101908,0.0387143,0.0325939,0.0292869,0.00463524,0.014577
N1,111,0.0738481,0.00726595,0.0745289,0.220588,0.0159497,0.0417096,0.0150717,0.02555,0.053124,0.0394971,0.0103914,0.0432446,0.0284831,0.0432656,0.038144,0.167457,0.0517483,0.0315717,0.00441252,0.0141483
N1,112,0.0392374,0.00744973,0.0180451,0.0255318,0.0385826,0.0204162,0.00944508,0.228233,0.0246206,0.309378,0.032263,0.0158599,0.0170482,0.0166126,0.0217655,0.0261613,0.0277733,0.0947984,0.00671473,0.0200635
N1,113,0.0599977,0.00726184,0.200705,0.0835829,0.0163499,0.0390699,0.0154571,0.0269421,0.0456242,0.0406721,0.0108329,0.0649971,0.0261098,0.0318224,0.0339605,0.0775678,0.166767,0.0334313,0.00439008,0.0144588
N1,114,0.0860482,0.208632,0.0291524,0.0374939,0.0223298,0.041584,0.0132857,0.0338478,0.0345375,0.0511275,0.0130032,0.0298128,0.024901,0.0227053,0.0310319,0.200302,0.0521191,0.0435752,0.00576437,0.0187462
N1,115,0.0489243,0.00678037,0.0508592,0.059132,0.0160661,0.0390824,0.0199657,0.0247567,0.17578,0.038698,0.0101956,0.206577,0.0233516,0.0380054,0.0584668,0.0932018,0.0412742,0.0293531,0.00450055,0.01503
N1,116,0.208449,0.00844522,0.0375598,0.0696185,0.0182784,0.0413647,0.0176041,0.0308289,0.055519,0.0488086,0.0140164,0.0319396,0.0296262,0.165263,0.0490692,0.0632209,0.0500801,0.0396359,0.00496021,0.0157119
N1,117,0.0748772,0.0101297,0.0344066,0.0439674,0.0188352,0.03957,0.0133899,0.0326428,0.0409686,0.0478155,0.0127114,0.0361431,0.0283297,0.0263181,0.033692,0.215611,0.229321,0.0408491,0.00489956,0.0155215
N1,118,0.0852688,0.0091897,0.038608,0.0438772,0.0161783,0.280743,0.0126426,0.0253863,0.0374717,0.0390257,0.0100236,0.0388492,0.0257663,0.0240551,0.0318008,0.191372,0.0400046,0.0313362,0.00464671,0.0137551
N1,119,0.0517789,0.0065015,0.0312599,0.0370871,0.0141934,0.552059,0.0103409,0.0220778,0.031125,0.0341992,0.00855492,0.025874,0.0203603,0.0196655,0.0264739,0.0390361,0.0267105,0.026525,0.00417612,0.0120011
N1,120,0.0482909,0.00617143,0.120368,0.218171,0.0157118,0.0389714,0.0188263,0.0237263,0.0598069,0.0371475,0.00962401,0.163703,0.0230193,0.0448438,0.0387001,0.0487887,0.0357352,0.0283201,0.004388,0.0156864
N1,121,0.184127,0.00990188,0.051976,0.0550351,0.0179444,0.0594022,0.0178654,0.0291769,0.0482127,0.0438981,0.0119173,0.156398,0.0271743,0.0321125,0.0365931,0.104841,0.0555717,0.0370312,0.00473941,0.0160817
N1,122,0.0559597,0.0126795,0.0230024,0.0315712,0.182486,0.0259102,0.0171981,0.0624567,0.0309936,0.0992534,0.02884,0.0239779,0.0208724,0.0215186,0.027602,0.0538013,0.153949,0.0689562,0.0104708,0.048501
N1,123,0.181154,0.0163957,0.0267092,0.0366386,0.0622792,0.0325037,0.0273871,0.0408118,0.0335595,0.0683678,0.0172878,0.0274088,0.0229891,0.0251117,0.0311008,0.0550933,0.0384247,0.0514594,0.0122963,0.193022
N1,124,0.030255,0.0066919,0.0174722,0.0239249,0.0794512,0.0195591,0.0154037,0.0303896,0.0231278,0.056801,0.0122089,0.0156453,0.0146587,0.0155498,0.0220414,0.0233064,0.020678,0.0317557,0.289539,0.251541
N1,125,0.0469967,0.0061658,0.17563,0.0987525,0.0150819,0.0379796,0.0239606,0.023159,0.0890539,0.0367047,0.00957718,0.0606592,0.0240834,0.0480535,0.174523,0.0489873,0.0342352,0.0275793,0.00448596,0.0143308
N1,126,0.0523698,0.00784964,0.0256538,0.042334,0.0277038,0.0265396,0.0160733,0.0551829,0.178377,0.215372,0.0342615,0.0258914,0.0229269,0.0424093,0.065335,0.0380297,0.04037,0.0563314,0.0065756,0.0204131
N1,127,0.0649756,0.0157049,0.0249854,0.0332727,0.200334,0.0307637,0.0194718,0.0451184,0.0318326,0.0815623,0.0200891,0.0271005,0.023092,0.0225583,0.0288608,0.16715,0.0459032,0.0514419,0.0111987,0.0545851
N1,128,0.0420011,0.00662718,0.0329767,0.0472829,0.019941,0.0299665,0.187064,0.0257619,0.0757161,0.0426831,0.0108294,0.0364954,0.0223085,0.049158,0.242258,0.0381579,0.0308083,0.0296208,0.00633715,0.0240061
N1,129,0.0369672,0.00743121,0.0250027,0.0329039,0.0549911,0.0241296,0.20281,0.0303916,0.032325,0.0535368,0.0123507,0.0260376,0.0183505,0.0240108,0.0313898,0.0307607,0.0260625,0.0330752,0.0133691,0.284104
N1,130,0.0707889,0.00659811,0.0767226,0.207338,0.0146068,0.23474,0.0134141,0.0229929,0.0465153,0.0357507,0.00928941,0.0388658,0.0238338,0.0340165,0.0349882,0.0517258,0.0324329,0.0283314,0.00425903,0.0127897
N1,131,0.0643189,0.00763477,0.0392743,0.0583027,0.0166556,0.0394705,0.0165073,0.0267233,0.20913,0.0416034,0.0112716,0.0490387,0.0278874,0.0408545,0.0684735,0.174928,0.0560677,0.0323522,0.00467812,0.0148275
N1,132,0.0403079,0.00750549,0.0181545,0.0256375,0.0326823,0.0206264,0.00920541,0.403033,0.0245609,0.124516,0.0252553,0.0159484,0.017011,0.0163361,0.0215249,0.0265347,0.0290649,0.117375,0.00610593,0.0186145
N1,133,0.0455742,0.00576603,0.0534331,0.245002,0.0148802,0.0317942,0.0153482,0.0235173,0.223387,0.0370654,0.00970806,0.0343223,0.0232131,0.0539203,0.0667298,0.0387577,0.0319853,0.0279955,0.00425494,0.0133458
N1,134,0.0554044,0.00653737,0.0315825,0.0480672,0.0160909,0.0316089,0.0179164,0.0256616,0.0748871,0.0419235,0.0104881,0.0274851,0.24388,0.0388117,0.194254,0.0497295,0.0356342,0.0311086,0.00476363,0.0141658
N1,135,0.0314842,0.00678948,0.0187813,0.02538,0.0831158,0.0198771,0.0195386,0.0316199,0.0242448,0.0570243,0.0122424,0.017108,0.015311,0.0163896,0.0221862,0.02441,0.0217296,0.033025,0.0192076,0.500535
N1,136,0.0461695,0.00583131,0.0578869,0.275636,0.0153607,0.0315341,0.0168982,0.0240577,0.0616293,0.0382863,0.0100073,0.032259,0.0236546,0.200458,0.0440887,0.0384038,0.0311358,0.0285529,0.00433226,0.0138181
N1,137,0.0514029,0.00834481,0.0258575,0.0403806,0.0255482,0.027874,0.0177799,0.0455035,0.0763475,0.0881725,0.141023,0.0259555,0.0216637,0.0438775,0.204562,0.0390274,0.0408319,0.0483008,0.00729972,0.0202474
N1,138,0.0498961,0.00875561,0.157079,0.0694619,0.0338918,0.0427574,0.0292208,0.0295439,0.0390802,0.0523644,0.0135136,0.0414233,0.0220238,0.0322017,0.0394221,0.049901,0.0336572,0.0344484,0.173384,0.0479744
N1,139,0.0763468,0.0115024,0.0275434,0.0372777,0.0255122,0.0324173,0.0125577,0.06733,0.0357153,0.0735001,0.0193647,0.0293783,0.0253324,0.0238289,0.030215,0.187305,0.189593,0.0715249,0.00563873,0.0181161
N1,140,0.077291,0.0105115,0.0371552,0.0451277,0.0178124,0.0470622,0.0136609,0.0284588,0.0401861,0.0432373,0.0111548,0.0378799,0.0304498,0.0261483,0.0336952,0.385383,0.0597202,0.0350758,0.00478852,0.0152011
N1,141,0.0482052,0.00612475,0.121568,0.218867,0.0151908,0.0384387,0.0185042,0.0234881,0.0601484,0.0366601,0.00952019,0.165362,0.0230741,0.0449256,0.0387871,0.0489077,0.0357982,0.0280854,0.004234,0.01411
N1,142,0.0755442,0.0120401,0.0372838,0.0454191,0.0245681,0.03626,0.0176647,0.0649273,0.044711,0.0674354,0.0196028,0.141594,0.0235785,0.0291239,0.0343509,0.0600596,0.0789478,0.161081,0.0055136,0.0202938
N1,143,0.084758,0.00870117,0.0249587,0.0364067,0.0223064,0.0280288,0.0114997,0.0551779,0.03296,0.0721295,0.0161257,0.0211001,0.241957,0.0227015,0.0279949,0.0449382,0.0459241,0.181273,0.00513154,0.0159272
N1,144,0.0314821,0.00678858,0.0187865,0.0253857,0.0830426,0.0198798,0.0195486,0.0315989,0.0242498,0.0569819,0.0122354,0.0171124,0.0153116,0.0163926,0.0221912,0.0244115,0.0217282,0.0330069,0.0192123,0.500653
N1,145,0.0459441,0.00667122,0.0644038,0.0541004,0.016182,0.0416818,0.0204771,0.0241829,0.0482532,0.0377039,0.00966754,0.407385,0.0221394,0.0293058,0.0371084,0.0499889,0.0361698,0.0285953,0.00445643,0.0155834
N1,146,0.22962,0.204463,0.0268535,0.0362444,0.0229497,0.0420943,0.0120685,0.0377558,0.0326563,0.0555281,0.0140521,0.0245146,0.0245208,0.0216835,0.0290063,0.0650961,0.0430785,0.0539676,0.00575279,0.018095
N1,147,0.209753,0.00752916,0.0569617,0.234578,0.016453,0.0439397,0.0136116,0.0276816,0.0485438,0.0421816,0.0111943,0.0318217,0.0286176,0.0396226,0.0356618,0.0562613,0.0407059,0.0363038,0.00446759,0.0141107
N1,148,0.0945364,0.0120892,0.0273418,0.0371516,0.0312589,0.190296,0.013995,0.0481715,0.0351669,0.193255,0.0270079,0.0278609,0.0235805,0.0262478,0.0326605,0.0525137,0.039177,0.0607589,0.00770437,0.019226
N1,149,0.0739284,0.00723762,0.0459829,0.0681048,0.0158945,0.228656,0.0190795,0.0246792,0.0545142,0.0393144,0.010746,0.0442678,0.0247965,0.152422,0.0467146,0.0594057,0.0351678,0.0302316,0.004776,0.0140808
N1,150,0.0665821,0.00712954,0.0608678,0.220495,0.0166287,0.0350242,0.0145663,0.0286686,0.0563331,0.0429278,0.0118626,0.0383099,0.0264809,0.0436814,0.0380093,0.0633207,0.173381,0.0368796,0.00448413,0.0143683
N1,151,0.0742555,0.0091042,0.0415865,0.0483718,0.0196542,0.389705,0.0140652,0.0296422,0.0411988,0.0464178,0.0118551,0.0359485,0.0268229,0.0260586,0.035642,0.0549897,0.0355223,0.0365634,0.00612961,0.0164666
N1,152,0.0701954,0.198092,0.0217302,0.0301505,0.0309585,0.0276918,0.0108107,0.0701339,0.028375,0.0832772,0.0194401,0.0198497,0.0201389,0.0188374,0.0253077,0.0397472,0.0405865,0.217715,0.00646997,0.0204922
N1,153,0.0774974,0.00861396,0.0431363,0.0451006,0.0158347,0.284257,0.0134076,0.0246666,0.0385411,0.0380107,0.00977987,0.078693,0.0246116,0.0244776,0.0322303,0.154442,0.0381467,0.0303156,0.00455943,0.0136781
N1,154,0.0857481,0.0121181,0.0426678,0.0518914,0.0229795,0.0512968,0.016482,0.0348538,0.0470604,0.0539521,0.0140249,0.0429503,0.0351898,0.0312173,0.0400677,0.284828,0.0639459,0.0429748,0.00621281,0.0195388
N1,155,0.0621188,0.00734498,0.0335473,0.0459472,0.0198365,0.034285,0.0139275,0.0316709,0.0403724,0.0515134,0.0120438,0.0255207,0.413703,0.0271541,0.0341086,0.0491154,0.0372915,0.0388823,0.00540382,0.0162126
N1,156,0.0753676,0.00765224,0.0333401,0.0430795,0.0165222,0.0366997,0.0128799,0.0267294,0.0377882,0.0417157,0.0103653,0.0279816,0.290478,0.0255919,0.0316389,0.185216,0.0455566,0.0331641,0.00443339,0.0137993
N1,157,0.0452706,0.00613189,0.0395085,0.074627,0.0167231,0.0306683,0.0209969,0.025903,0.0629333,0.0421954,0.0111501,0.0307595,0.0237845,0.396124,0.0526753,0.0383313,0.0320981,0.03023,0.0047283,0.0151609
N1,158,0.0516281,0.00784423,0.0261628,0.043897,0.0300072,0.0260334,0.0188627,0.0523545,0.044194,0.249593,0.0354957,0.0238554,0.0228426,0.169509,0.0408649,0.0366784,0.0366271,0.0548567,0.00687447,0.0218187
N1,159,0.0497778,0.0112012,0.0318709,0.0371324,0.172787,0.0316516,0.038539,0.0418284,0.0366337,0.0732724,0.0196628,0.143895,0.020515,0.0258199,0.0319438,0.0552876,0.0399853,0.0445341,0.0103419,0.0833198
N1,160,0.0675571,0.171025,0.0392555,0.0427942,0.0218589,0.0453247,0.0203006,0.0317242,0.0402418,0.0483224,0.0128012,0.168575,0.0226571,0.0261542,0.0358109,0.0879259,0.0502742,0.0398256,0.00566044,0.0219116
N1,161,0.0422614,0.00895676,0.0264364,0.0379819,0.0426347,0.0263538,0.0559966,0.0320576,0.0571583,0.0574925,0.0142533,0.0297442,0.0199807,0.0336519,0.194702,0.0371221,0.0306721,0.0354721,0.0154339,0.201637
N1,162,0.0652608,0.00761331,0.0411058,0.192206,0.0232875,0.0301551,0.0153617,0.0435297,0.0553864,0.0756734,0.129445,0.0292841,0.0232626,0.0657238,0.0382184,0.0424618,0.0459482,0.0518693,0.00580589,0.0184001
N1,163,0.0403871,0.00533085,0.0241128,0.0327182,0.0143212,0.025306,0.00956681,0.0228034,0.0286911,0.0359439,0.00860495,0.0186261,0.591239,0.0186418,0.0243699,0.0318052,0.0250144,0.0268946,0.00388214,0.0117406
N1,164,0.0492062,0.00855365,0.0240677,0.0371795,0.0295648,0.026114,0.0180126,0.0520775,0.0597922,0.232634,0.0287783,0.0234036,0.0220534,0.0373271,0.195233,0.0364248,0.0360816,0.0533908,0.0080816,0.0220236
N1,165,0.0469721,0.00640888,0.0525645,0.0657405,0.016095,0.0365518,0.0251263,0.0247227,0.164664,0.0390258,0.0104157,0.191732,0.0230984,0.100961,0.0593322,0.0495639,0.0380717,0.0291709,0.00452719,0.0152553
N1,166,0.0849679,0.205142,0.0345198,0.038857,0.0221302,0.0419152,0.013723,0.0334249,0.0350564,0.0505637,0.012902,0.0337647,0.0247234,0.0231062,0.0313844,0.194424,0.0518011,0.0430216,0.00572484,0.0188482
N1,167,0.0314821,0.00678858,0.0187865,0.0253857,0.0830426,0.0198798,0.0195486,0.0315989,0.0242498,0.0569819,0.0122354,0.0171124,0.0153116,0.0163926,0.0221912,0.0244115,0.0217282,0.0330069,0.0192123,0.500653
N1,168,0.138411,0.0132996,0.0290236,0.0389727,0.0221088,0.203232,0.0118918,0.0466605,0.034288,0.0608839,0.0164745,0.0277205,0.0235669,0.0226615,0.0295165,0.0541106,0.0454683,0.15993,0.00565555,0.0161235
N1,169,0.0471664,0.0107394,0.0239551,0.0351919,0.163719,0.026519,0.0338778,0.0431365,0.0512263,0.0955244,0.0232227,0.0252844,0.0206385,0.030413,0.163113,0.0399708,0.0337285,0.0456833,0.0175066,0.0693835
N1,170,0.0750394,0.0101474,0.0343738,0.0438596,0.018703,0.0390505,0.0133656,0.032329,0.0408483,0.0474064,0.0126115,0.036211,0.0283685,0.0262653,0.0336008,0.220998,0.226017,0.0405024,0.00486337,0.0154397
N1,171,0.0598222,0.00822729,0.0534426,0.0514226,0.0167989,0.0462644,0.0182042,0.0259737,0.0467055,0.0401308,0.0104075,0.205446,0.0427644,0.0298914,0.0367324,0.204081,0.0522825,0.0314171,0.00455024,0.0154342
N1,172,0.0580124,0.00829388,0.0480167,0.0505438,0.0179815,0.0393617,0.0178172,0.0297199,0.0496564,0.0441655,0.0120122,0.193798,0.0246155,0.0304126,0.0372597,0.0848238,0.19671,0.0359791,0.00473102,0.01609
N1,173,0.136677,0.0152405,0.0288135,0.0396487,0.023653,0.0375484,0.0124491,0.05366,0.0360473,0.0660793,0.0174698,0.0278658,0.0278287,0.0242808,0.0305751,0.176909,0.0861773,0.136356,0.00541657,0.017304
N1,174,0.0585769,0.00736363,0.0546004,0.0486127,0.0154147,0.27912,0.0154945,0.0235611,0.0417507,0.0365401,0.00941561,0.184768,0.0224176,0.0259026,0.0337623,0.0614202,0.0344702,0.0285364,0.0044471,0.0138255
N1,175,0.0876397,0.00948148,0.15902,0.089314,0.0212421,0.0369101,0.0150884,0.0468606,0.0408835,0.0589018,0.015931,0.0428532,0.0263652,0.030481,0.0315765,0.0541198,0.0600766,0.150611,0.00508473,0.0175595
N1,176,0.0683749,0.0134967,0.0332434,0.0384364,0.048543,0.195064,0.0357208,0.0311201,0.0352098,0.0526901,0.0134855,0.043432,0.021061,0.0250757,0.0339731,0.05758,0.0331248,0.0373197,0.0152003,0.167849
N1,177,0.030255,0.0066919,0.0174722,0.0239249,0.0794512,0.0195591,0.0154037,0.0303896,0.0231278,0.0568011,0.0122089,0.0156453,0.0146587,0.0155498,0.0220414,0.0233064,0.020678,0.0317557,0.289539,0.251541
N1,178,0.0447447,0.00607278,0.0392733,0.0738173,0.0166829,0.0302166,0.0211979,0.0257387,0.0634354,0.0420463,0.0111057,0.0306172,0.0236829,0.39889,0.0532761,0.0378466,0.0314586,0.0299954,0.00472937,0.0151722
N1,179,0.0403871,0.00533085,0.0241128,0.0327182,0.0143212,0.025306,0.00956681,0.0228034,0.0286911,0.0359439,0.00860495,0.0186261,0.591239,0.0186418,0.0243699,0.0318052,0.0250144,0.0268946,0.00388214,0.0117406
N1,180,0.0398764,0.00932374,0.0201088,0.028029,0.112265,0.0217598,0.0198956,0.0546219,0.027948,0.113357,0.136713,0.0195879,0.017141,0.020639,0.02585,0.0294275,0.0290392,0.0515203,0.0157786,0.207119
N1,181,0.0622452,0.00878557,0.0352363,0.050355,0.0172482,0.039763,0.0195189,0.0269822,0.0821329,0.0427237,0.011358,0.040339,0.0274455,0.0403374,0.214701,0.177808,0.0495898,0.0324789,0.00519644,0.0157553
N1,182,0.232348,0.0123068,0.0243727,0.0352686,0.0247223,0.0325671,0.010944,0.066753,0.0316109,0.0762159,0.0191412,0.0213954,0.0245763,0.0213192,0.0269842,0.0443435,0.0467497,0.225871,0.00550302,0.0170075
N1,183,0.0487472,0.00870279,0.0197277,0.0282068,0.0339973,0.022601,0.00999939,0.122757,0.0272918,0.139629,0.153117,0.0174644,0.0183813,0.0185888,0.0237803,0.0296655,0.0354435,0.216171,0.00643946,0.0192891
N1,184,0.232348,0.0123068,0.0243727,0.0352686,0.0247223,0.0325671,0.010944,0.066753,0.0316109,0.0762159,0.0191412,0.0213954,0.0245763,0.0213192,0.0269842,0.0443435,0.0467497,0.225871,0.00550302,0.0170075
N1,185,0.0390492,0.00741905,0.0179636,0.0254197,0.038725,0.0203126,0.0094235,0.229184,0.0245304,0.309735,0.0323517,0.0157982,0.0169676,0.016554,0.0216918,0.0260514,0.0276761,0.0943123,0.00672976,0.0201056
N1,186,0.0750426,0.0101478,0.0343747,0.0438598,0.0187029,0.0390531,0.0133658,0.0323274,0.0408479,0.0474054,0.012611,0.0362121,0.0283694,0.0262654,0.0336009,0.221058,0.225952,0.0405004,0.00486338,0.0154397
N1,187,0.0357593,0.00771085,0.0175516,0.0245307,0.243748,0.0197279,0.0112337,0.0657528,0.0236634,0.292437,0.0274925,0.0156766,0.0161588,0.0161853,0.0213066,0.0252065,0.0246666,0.0572098,0.011892,0.0420903
N1,188,0.0454946,0.00574242,0.0539685,0.248163,0.0148325,0.0317505,0.0150706,0.0234802,0.229082,0.0369604,0.00968212,0.0344359,0.0232001,0.0530929,0.0589719,0.0386513,0.031981,0.0279542,0.00421669,0.0132695
N1,189,0.0608108,0.00797662,0.0233683,0.0339982,0.0285052,0.0257181,0.0126562,0.0521212,0.0325488,0.227994,0.021453,0.0202313,0.237527,0.0247019,0.0288853,0.0402073,0.0367263,0.0602136,0.00605473,0.0183022
N1,190,0.058303,0.00994971,0.0229265,0.0328362,0.0325508,0.025677,0.0122896,0.0829131,0.0330384,0.233604,0.0395104,0.0220225,0.022267,0.0238182,0.0288374,0.0440829,0.161965,0.0867888,0.00648712,0.0201318
N1,191,0.0460119,0.00676303,0.0439537,0.0545754,0.016334,0.037215,0.0288508,0.0247431,0.104657,0.0392528,0.010346,0.172411,0.0226887,0.0433852,0.210931,0.0507941,0.0371901,0.0290804,0.00485586,0.0159607
N1,192,0.226663,0.0109625,0.0314301,0.0435317,0.0194356,0.0407064,0.0124265,0.0372805,0.0389151,0.0520312,0.0143779,0.0290152,0.0287407,0.0256933,0.0318805,0.086343,0.197385,0.0528943,0.00491773,0.0153692
N1,193,0.0753325,0.00765133,0.0333416,0.043084,0.0165226,0.0365948,0.0128824,0.026725,0.0377949,0.0417116,0.0103641,0.027981,0.290642,0.025596,0.0316447,0.185188,0.0455523,0.033157,0.00443348,0.0138013
N1,194,0.426134,0.0109452,0.0302803,0.042463,0.0190051,0.0496598,0.0116717,0.0344915,0.035568,0.0500157,0.0127921,0.0253777,0.0297576,0.0238136,0.0298557,0.0593978,0.0423963,0.0465525,0.00486901,0.014953
N1,195,0.0623859,0.00900617,0.0308966,0.0412117,0.0194222,0.032908,0.012577,0.037301,0.0394953,0.0518675,0.0139723,0.0302829,0.025551,0.0248836,0.0322668,0.0659044,0.403345,0.046373,0.00489692,0.0154531
