Ancestral Node,Pos,A,C,D,E,F,G,H,I,K,L,M,N,P,Q,R,S,T,V,W,Y
N1,1,0.0450174,0.00613828,0.26445,0.0760899,0.0152011,0.0406586,0.0173927,0.0230881,0.0448591,0.0360527,0.00918035,0.209897,0.0226336,0.0299745,0.0339618,0.046648,0.0329901,0.0274012,0.00422832,0.0141373
N1,2,0.0481442,0.00871873,0.0197701,0.0279738,0.0297208,0.0228764,0.00963109,0.129559,0.0263591,0.103777,0.0220513,0.0172479,0.0187443,0.0174767,0.0229407,0.0294909,0.0329441,0.388595,0.00592822,0.0180501
N1,3,0.0749991,0.0101711,0.0345907,0.0441854,0.0189711,0.0392643,0.0134674,0.032665,0.0411189,0.047996,0.0127262,0.0362465,0.0285486,0.026428,0.0338595,0.219255,0.224096,0.0408144,0.0049445,0.0156527
N1,4,0.202209,0.00880495,0.0417491,0.0666645,0.0184952,0.0462281,0.0178646,0.0306656,0.0530715,0.0480608,0.0135785,0.0557711,0.0291844,0.145005,0.0426412,0.0722365,0.0476552,0.0390602,0.004979,0.0160754
N1,5,0.0637159,0.00793207,0.0375682,0.178441,0.0268885,0.0287951,0.0158329,0.0513332,0.0477308,0.200831,0.0277194,0.0267384,0.0249902,0.055551,0.0369354,0.040736,0.0405468,0.0613277,0.00629998,0.0200862
N1,6,0.0510447,0.474586,0.0231531,0.0310333,0.024547,0.0304389,0.0109953,0.0356,0.0288115,0.0544806,0.0127701,0.0206269,0.0199478,0.0187036,0.025612,0.0379715,0.0312297,0.042539,0.00635312,0.0195559
N1,7,0.0408542,0.00541992,0.0244665,0.0331922,0.0146305,0.0256952,0.00971782,0.0232479,0.0291245,0.0366528,0.00876796,0.0189085,0.584809,0.0189085,0.0247489,0.0321631,0.0253536,0.0273774,0.00397109,0.0119899
N1,8,0.0328941,0.00716169,0.0174642,0.0240656,0.468846,0.0194899,0.0121126,0.0434695,0.0229532,0.0862234,0.0166204,0.0155258,0.0154483,0.0154413,0.020636,0.0241479,0.0225786,0.0424615,0.0162444,0.0762154
N1,9,0.0701227,0.00784695,0.0443226,0.0673509,0.0173999,0.0601038,0.0207148,0.027282,0.0579162,0.0434905,0.0118908,0.0441933,0.028396,0.173022,0.048312,0.17416,0.0499271,0.0330497,0.00491046,0.0155882
N1,10,0.0637506,0.00746557,0.182933,0.0911934,0.0162492,0.0455769,0.0162391,0.0254281,0.0467897,0.0395024,0.0102797,0.0604216,0.028019,0.0516333,0.0364224,0.181838,0.0463041,0.0308767,0.0044854,0.0145913
N1,11,0.0439798,0.00831657,0.0190274,0.0269927,0.0369821,0.02171,0.00979592,0.125832,0.0258435,0.279389,0.0304564,0.0166802,0.0181822,0.0175063,0.0227966,0.0279375,0.0301779,0.211789,0.00667855,0.0199266
N1,12,0.0384759,0.00836719,0.0182084,0.0254191,0.218779,0.0205625,0.0111519,0.197976,0.0244064,0.151528,0.0281655,0.0163279,0.0166792,0.0164971,0.0217948,0.0265573,0.0270795,0.0825283,0.0103094,0.0391856
N1,13,0.0463233,0.00674181,0.0642035,0.0543191,0.0164714,0.0418589,0.0204756,0.0246071,0.0484351,0.0383879,0.0098165,0.403403,0.0224004,0.0294346,0.0373333,0.0500651,0.0363425,0.0290518,0.00454035,0.0157887
N1,14,0.180503,0.011156,0.025894,0.0394625,0.0242211,0.0307009,0.0137876,0.0614948,0.0500408,0.075725,0.0197351,0.0240608,0.0240574,0.0281225,0.0749694,0.0432776,0.0474096,0.2011,0.00605782,0.018224
N1,15,0.062526,0.0090469,0.0311635,0.0415742,0.0196822,0.0332108,0.0126904,0.037563,0.039783,0.0523964,0.0140666,0.0304027,0.0257716,0.0250652,0.0325442,0.0657516,0.399521,0.0465952,0.00497804,0.0156673
N1,16,0.059281,0.00897723,0.0280369,0.0405586,0.0248188,0.0295522,0.0131689,0.0533599,0.0562385,0.0776598,0.0614565,0.0280333,0.0232991,0.0281292,0.0375134,0.0514269,0.295258,0.0596219,0.00575255,0.017857
N1,17,0.0384759,0.00836719,0.0182084,0.0254191,0.218779,0.0205625,0.0111519,0.197976,0.0244064,0.151528,0.0281655,0.0163279,0.0166792,0.0164971,0.0217948,0.0265573,0.0270795,0.0825283,0.0103094,0.0391856
N1,18,0.0408542,0.00541992,0.0244665,0.0331922,0.0146305,0.0256952,0.00971782,0.0232479,0.0291245,0.0366528,0.00876796,0.0189085,0.584809,0.0189085,0.0247489,0.0321631,0.0253536,0.0273774,0.00397109,0.0119899
N1,19,0.0772219,0.0105296,0.0373327,0.0454372,0.0180911,0.0471592,0.0137582,0.0288484,0.0404677,0.0438815,0.01129,0.0378927,0.0305995,0.0263133,0.0339529,0.381909,0.059563,0.0354657,0.00487023,0.0154162
N1,20,0.0846066,0.00874711,0.0252802,0.0368055,0.0225362,0.0283646,0.0116241,0.0552117,0.0333209,0.0723936,0.0161974,0.0213397,0.239675,0.0229047,0.0283151,0.0450958,0.0459736,0.180258,0.00521106,0.0161389
N1,21,0.180182,0.0163338,0.0270018,0.037026,0.0619806,0.032773,0.0272915,0.0410562,0.0339066,0.0687199,0.0173467,0.0275562,0.0232224,0.0252772,0.0313748,0.0551022,0.0385674,0.0516417,0.012292,0.191348
N1,22,0.182512,0.015388,0.023282,0.0324924,0.189742,0.0310239,0.0157664,0.0541999,0.0301752,0.0972231,0.0239148,0.0218532,0.0226615,0.021358,0.0270293,0.0486349,0.0374037,0.0693481,0.0107088,0.0452827
N1,23,0.0271479,0.00527836,0.0160434,0.022009,0.0336378,0.0182181,0.00942546,0.0260201,0.0209949,0.0459941,0.0100205,0.0137321,0.0136226,0.013691,0.0193627,0.0206617,0.0184326,0.0275976,0.606093,0.0320171
N1,24,0.0470993,0.00604121,0.0496231,0.207861,0.0155211,0.0326564,0.0181727,0.0242243,0.113595,0.038578,0.0100795,0.033593,0.0236904,0.0652556,0.193519,0.0404267,0.0324482,0.0288145,0.00463183,0.0141691
N1,25,0.0401348,0.00600985,0.0295445,0.0448992,0.016177,0.0289443,0.0166337,0.0245982,0.0932969,0.0396018,0.0100445,0.0266324,0.0214347,0.0347798,0.455956,0.0343249,0.0287541,0.0284485,0.0051061,0.0146792
N1,26,0.0496957,0.00887817,0.0274306,0.0388564,0.0436291,0.027506,0.157717,0.046815,0.0426956,0.0965369,0.137841,0.0323026,0.0216416,0.047812,0.0423786,0.0392049,0.0396442,0.0483507,0.00880492,0.0422589
N1,27,0.054348,0.0131039,0.0289036,0.0376577,0.0524445,0.0302791,0.0407046,0.0346328,0.0418854,0.0594366,0.0147337,0.0360451,0.0223312,0.0282894,0.0754009,0.132507,0.040465,0.0394244,0.0130227,0.204384
N1,28,0.0445192,0.00819165,0.0192277,0.0271681,0.0311101,0.0220344,0.00952483,0.255411,0.0258013,0.113579,0.0237849,0.0168214,0.0181116,0.0171239,0.0225216,0.0283457,0.0316199,0.260677,0.00603699,0.0183899
N1,29,0.0429749,0.00640406,0.0305194,0.0456056,0.0164731,0.0307524,0.0167462,0.0252212,0.0894978,0.0403923,0.010288,0.0280413,0.02247,0.0347848,0.440318,0.0391209,0.0310307,0.0293525,0.00511768,0.0148886
N1,30,0.0450196,0.00613945,0.264295,0.0760644,0.0152058,0.040658,0.0173952,0.0230941,0.0448626,0.0360624,0.00918247,0.210028,0.0226324,0.0299731,0.0339667,0.0466494,0.0329937,0.0274072,0.00422964,0.0141415
N1,31,0.0510447,0.474586,0.0231531,0.0310333,0.024547,0.0304389,0.0109953,0.0356,0.0288115,0.0544806,0.0127701,0.0206269,0.0199478,0.0187036,0.025612,0.0379715,0.0312297,0.042539,0.00635312,0.0195559
N1,32,0.0755031,0.0120398,0.0374359,0.0456969,0.0247765,0.0364826,0.017705,0.0648508,0.0449132,0.0677949,0.0196308,0.140675,0.0238072,0.0292398,0.0345869,0.0599977,0.0785563,0.160263,0.00559083,0.0204529
N1,33,0.180259,0.016335,0.0270056,0.0370311,0.0619635,0.0327797,0.0272879,0.0410534,0.0339103,0.0687119,0.0173459,0.0275585,0.0232249,0.0252793,0.0313771,0.0551125,0.0385728,0.0516432,0.0122898,0.191259
N1,34,0.0415759,0.00557983,0.459602,0.0943029,0.0141555,0.0360347,0.013393,0.0217227,0.0394044,0.0339528,0.00856686,0.0432636,0.0220695,0.027418,0.0304845,0.0376696,0.028379,0.0257388,0.00395484,0.0127321
N1,35,0.0403673,0.00962651,0.0196226,0.0272994,0.11041,0.021471,0.0164477,0.170881,0.02659,0.116331,0.0250607,0.0187472,0.0172586,0.0183746,0.0242672,0.0287513,0.029608,0.0763366,0.0130397,0.18951
N1,36,0.13225,0.0112254,0.0351168,0.0450894,0.0185921,0.0496896,0.0131307,0.0308626,0.0392175,0.0462694,0.0119456,0.0332816,0.031046,0.0259296,0.0328689,0.327711,0.0563396,0.0391157,0.0049163,0.0154021
N1,37,0.0495488,0.0089286,0.0199852,0.0282943,0.0291653,0.0232147,0.00967196,0.112816,0.0265805,0.100165,0.0214391,0.0174185,0.0189985,0.0176163,0.0231059,0.029955,0.0334992,0.405808,0.00588203,0.0179077
N1,38,0.036259,0.00777227,0.017941,0.0250503,0.241417,0.0201441,0.0113602,0.0657031,0.0241213,0.290355,0.0274229,0.0159711,0.0164698,0.0164617,0.0216954,0.0256161,0.0249988,0.0573603,0.0119008,0.0419798
N1,39,0.0538607,0.0127013,0.0270211,0.0357879,0.0582722,0.0273629,0.0311118,0.0435431,0.035778,0.0690512,0.0187322,0.0337177,0.0214438,0.0255751,0.0326665,0.0581107,0.159819,0.0501725,0.0117515,0.193521
N1,40,0.0450174,0.00613828,0.26445,0.0760899,0.0152011,0.0406586,0.0173927,0.0230881,0.0448591,0.0360527,0.00918035,0.209897,0.0226336,0.0299745,0.0339618,0.046648,0.0329901,0.0274012,0.00422832,0.0141373
N1,41,0.0602971,0.00858369,0.054017,0.0518979,0.017407,0.0482357,0.018321,0.0267456,0.0472546,0.0412104,0.0107014,0.208082,0.0262278,0.0299901,0.037334,0.207135,0.0536159,0.0322058,0.00473111,0.0160067
N1,42,0.246778,0.0117543,0.0342246,0.0451615,0.0188113,0.0514015,0.0128787,0.0317282,0.0387835,0.0473015,0.0122678,0.0310373,0.0314432,0.0259123,0.0324705,0.211023,0.0557657,0.0409176,0.00493649,0.0154031
N1,43,0.119382,0.0101786,0.0265119,0.0382392,0.0342544,0.0327122,0.0125254,0.23246,0.0354421,0.111285,0.0251936,0.0233183,0.0253234,0.023553,0.030534,0.0425955,0.0423291,0.105362,0.0071423,0.0216578
N1,44,0.0610488,0.00736623,0.223283,0.0789448,0.0159295,0.0472785,0.0155371,0.0248188,0.0435543,0.0383955,0.00988276,0.0659605,0.0276129,0.0306391,0.0338436,0.182416,0.0446567,0.0300957,0.00439029,0.0143458
N1,45,0.0435226,0.0101638,0.0189223,0.0264413,0.206771,0.0216543,0.0116059,0.100431,0.0252176,0.135299,0.026205,0.0170167,0.0175267,0.0171067,0.0224978,0.0284523,0.0293138,0.192097,0.0102562,0.0394981
N1,46,0.059021,0.0147234,0.029727,0.0372982,0.0562362,0.0317451,0.0347127,0.0354933,0.0357439,0.0599668,0.0148754,0.0383598,0.0231826,0.0260546,0.0335697,0.1666,0.0442337,0.0408355,0.012104,0.205518
N1,47,0.0749991,0.0101711,0.0345907,0.0441854,0.0189711,0.0392643,0.0134674,0.032665,0.0411189,0.047996,0.0127262,0.0362465,0.0285486,0.026428,0.0338595,0.219255,0.224096,0.0408144,0.0049445,0.0156527
N1,48,0.0362567,0.00777219,0.0179406,0.0250495,0.241504,0.020143,0.0113614,0.0656945,0.0241208,0.290278,0.0274198,0.0159709,0.0164691,0.0164614,0.0216952,0.0256151,0.0249972,0.0573532,0.0119037,0.0419929
N1,49,0.0460677,0.00595614,0.0519987,0.219529,0.0158537,0.0315092,0.0175448,0.0247816,0.108396,0.0395718,0.0103957,0.0326721,0.0237984,0.198542,0.0548958,0.0387037,0.0318116,0.0292415,0.00449259,0.0142381
N1,50,0.0510447,0.474586,0.0231531,0.0310333,0.024547,0.0304389,0.0109953,0.0356,0.0288115,0.0544806,0.0127701,0.0206269,0.0199478,0.0187036,0.025612,0.0379715,0.0312297,0.042539,0.00635312,0.0195559
N1,51,0.0320326,0.00686242,0.0191653,0.0258994,0.0825191,0.0202957,0.0195654,0.031994,0.0247048,0.0575469,0.0123731,0.0173918,0.0156317,0.0166694,0.022574,0.0248317,0.0220953,0.0334614,0.0191461,0.49524
N1,52,0.052099,0.00657715,0.0315317,0.0375149,0.0145011,0.546293,0.0104826,0.0225254,0.0315315,0.0349183,0.0087169,0.0260652,0.0206485,0.0199208,0.0268294,0.0393007,0.0270284,0.0270073,0.00426184,0.0122461
N1,53,0.0495488,0.0089286,0.0199852,0.0282943,0.0291653,0.0232147,0.00967196,0.112816,0.0265805,0.100165,0.0214391,0.0174185,0.0189985,0.0176163,0.0231059,0.029955,0.0334992,0.405808,0.00588203,0.0179077
N1,54,0.246794,0.0117551,0.0342344,0.0451699,0.0188054,0.0514266,0.01288,0.0317103,0.0387866,0.0472791,0.0122626,0.0310434,0.0314514,0.0259145,0.0324734,0.211053,0.0557277,0.0408962,0.00493569,0.0154009
N1,55,0.0408542,0.00541992,0.0244665,0.0331922,0.0146305,0.0256952,0.00971783,0.0232479,0.0291245,0.0366528,0.00876796,0.0189085,0.584809,0.0189085,0.0247489,0.0321631,0.0253536,0.0273774,0.00397109,0.0119899
N1,56,0.0749991,0.0101711,0.0345907,0.0441854,0.0189711,0.0392643,0.0134674,0.032665,0.0411189,0.047996,0.0127262,0.0362465,0.0285486,0.026428,0.0338595,0.219255,0.224096,0.0408144,0.0049445,0.0156527
N1,57,0.0644397,0.00769213,0.039415,0.0584407,0.0169424,0.039663,0.0165656,0.0271233,0.207692,0.0422514,0.0114019,0.0488381,0.0280732,0.0408276,0.0682857,0.173808,0.0559699,0.0327665,0.00476037,0.0150436
N1,58,0.0375066,0.00716671,0.0181303,0.025616,0.0423689,0.0203707,0.0097163,0.0766415,0.0247617,0.489069,0.0303946,0.0158584,0.0171037,0.0168693,0.0220584,0.0257465,0.0260495,0.065493,0.00747847,0.0216001
N1,59,0.183099,0.00993535,0.0518212,0.0551111,0.0182309,0.0593434,0.0179116,0.0295658,0.0483921,0.0445481,0.012046,0.155345,0.027364,0.0321877,0.0368221,0.104246,0.055509,0.0374038,0.00482437,0.0162941
N1,60,0.0415759,0.00557983,0.459602,0.0943029,0.0141555,0.0360347,0.013393,0.0217227,0.0394044,0.0339528,0.00856686,0.0432636,0.0220695,0.027418,0.0304845,0.0376696,0.028379,0.0257388,0.00395484,0.0127321
N1,61,0.0400343,0.00750152,0.0190295,0.027017,0.0410172,0.0213733,0.0101493,0.0812251,0.0264054,0.325221,0.172356,0.0167464,0.0176329,0.0183119,0.023436,0.0272967,0.0283783,0.0681009,0.00739846,0.0213692
N1,62,0.0510447,0.474586,0.0231531,0.0310333,0.024547,0.0304389,0.0109953,0.0356,0.0288115,0.0544806,0.0127701,0.0206269,0.0199478,0.0187036,0.025612,0.0379715,0.0312297,0.042539,0.00635312,0.0195559
N1,63,0.0314121,0.00700337,0.0171782,0.0236956,0.23547,0.0196734,0.0123422,0.0355814,0.0228471,0.071934,0.0146657,0.0152178,0.0149602,0.0153046,0.0213355,0.0235612,0.0213847,0.0361501,0.277791,0.0824919
N1,64,0.0741327,0.00734558,0.0740754,0.219005,0.0162284,0.0421152,0.0151282,0.0258908,0.0530849,0.0400886,0.0104996,0.0422628,0.0287823,0.0431732,0.0383457,0.170203,0.0488976,0.0318806,0.0044961,0.0143641
N1,65,0.0740884,0.0073415,0.0741535,0.21903,0.016223,0.0421214,0.0151357,0.0258783,0.0531006,0.0400708,0.0104953,0.0423349,0.0287642,0.0431782,0.0383516,0.170138,0.0488726,0.0318645,0.00449493,0.0143625
N1,66,0.230663,0.0123009,0.0246971,0.0356745,0.0249376,0.0328375,0.0110761,0.0666403,0.031985,0.0764795,0.0191777,0.0216279,0.0247914,0.0215382,0.0273145,0.0444985,0.0467751,0.224189,0.00558184,0.0172147
N1,67,0.0374545,0.00749532,0.0253171,0.0333412,0.0548268,0.0245067,0.200736,0.0307807,0.0326873,0.0541006,0.0124793,0.0262021,0.0186419,0.0241896,0.0316583,0.0311058,0.0263768,0.033512,0.0133615,0.281226
N1,68,0.174981,0.011315,0.023459,0.0338414,0.0278647,0.0298448,0.0111065,0.167008,0.031452,0.0956082,0.0259874,0.0210733,0.023398,0.0212872,0.0269856,0.0417532,0.0479916,0.161072,0.00583305,0.0181377
N1,69,0.0415759,0.00557983,0.459602,0.0943029,0.0141555,0.0360347,0.013393,0.0217227,0.0394044,0.0339528,0.00856686,0.0432636,0.0220695,0.027418,0.0304845,0.0376696,0.028379,0.0257388,0.00395484,0.0127321
N1,70,0.0320338,0.00686255,0.0191663,0.0259007,0.0825162,0.0202969,0.0195655,0.0319939,0.0247059,0.0575462,0.012373,0.0173926,0.0156325,0.0166701,0.0225749,0.0248328,0.0220961,0.0334616,0.0191449,0.495234
N1,71,0.0387169,0.00831163,0.0188519,0.0263516,0.23222,0.0211891,0.012204,0.0668463,0.0255829,0.154368,0.152143,0.0170071,0.0169378,0.0176326,0.0229698,0.0274034,0.0272004,0.0586097,0.0119861,0.0434672
N1,72,0.0704024,0.00872853,0.0282474,0.0486854,0.0226472,0.0297255,0.0142187,0.0623068,0.18197,0.0723069,0.0216988,0.0280838,0.0243215,0.0345239,0.0560539,0.0432103,0.0569602,0.172636,0.00558128,0.017692
N1,73,0.0445087,0.00819067,0.0192178,0.0271556,0.0311234,0.0220228,0.00952314,0.255384,0.025792,0.113616,0.0237905,0.0168149,0.0181034,0.0171185,0.0225143,0.0283368,0.0316144,0.260738,0.00603935,0.0183958
N1,74,0.0629532,0.00852433,0.036522,0.0527123,0.0173776,0.0398865,0.0187415,0.0273173,0.113957,0.0430704,0.0114662,0.0426075,0.0277569,0.0404649,0.175616,0.176009,0.0512952,0.0328659,0.0051361,0.0157196
N1,75,0.0708309,0.00667,0.0763711,0.205942,0.0149074,0.232886,0.0135151,0.023424,0.0467155,0.0364439,0.00944006,0.0388805,0.0240702,0.0340723,0.0352334,0.0517879,0.0326608,0.0287827,0.00434292,0.013024
N1,76,0.0462505,0.00591216,0.190124,0.122615,0.0149808,0.0362168,0.0171968,0.0233008,0.187504,0.0365923,0.00951972,0.0651079,0.023898,0.0426984,0.0533148,0.044917,0.0342327,0.0277038,0.00424586,0.0136689
N1,77,0.0415759,0.00557984,0.4596,0.0943034,0.0141556,0.0360343,0.013393,0.0217229,0.0394046,0.0339532,0.00856693,0.0432633,0.0220695,0.0274182,0.0304846,0.0376695,0.028379,0.025739,0.00395488,0.0127322
N1,78,0.0445087,0.00819067,0.0192178,0.0271556,0.0311234,0.0220228,0.00952314,0.255384,0.025792,0.113616,0.0237905,0.0168149,0.0181034,0.0171185,0.0225143,0.0283368,0.0316144,0.260738,0.00603935,0.0183958
N1,79,0.0504769,0.00973032,0.0256421,0.0388567,0.154999,0.0273955,0.0301459,0.0453114,0.109597,0.0934864,0.0264876,0.0288833,0.0215661,0.0326861,0.100598,0.0427919,0.03739,0.0480342,0.0135266,0.0623948
N1,80,0.0696249,0.00802256,0.0430059,0.066944,0.0178415,0.0394403,0.0211691,0.0280507,0.059072,0.0447186,0.0122361,0.0441168,0.0294378,0.176366,0.049115,0.182906,0.0530739,0.0338858,0.00495275,0.0160199
N1,81,0.0384826,0.00836781,0.0182128,0.0254248,0.21868,0.0205682,0.0111516,0.198042,0.0244107,0.151521,0.0281654,0.0163307,0.0166833,0.0164996,0.0217981,0.0265618,0.0270836,0.0825416,0.0103058,0.0391687
N1,82,0.194871,0.00810822,0.0358121,0.0621114,0.0175861,0.0424981,0.0150336,0.0300616,0.200742,0.0460167,0.0129781,0.0341848,0.028811,0.0407801,0.0621774,0.061855,0.047817,0.0386478,0.00483945,0.0150678
N1,83,0.0408542,0.00541992,0.0244665,0.0331922,0.0146305,0.0256952,0.00971782,0.0232479,0.0291245,0.0366528,0.00876796,0.0189085,0.584809,0.0189085,0.0247489,0.0321631,0.0253536,0.0273774,0.00397109,0.0119899
N1,84,0.0848897,0.0091666,0.0386291,0.0439566,0.0162936,0.283926,0.0126641,0.0255328,0.0375341,0.0392825,0.0100736,0.0387097,0.0257642,0.0240791,0.0318705,0.187897,0.0397298,0.0314735,0.00468664,0.0138405
N1,85,0.0682612,0.00711156,0.0427472,0.0606775,0.015709,0.228494,0.0161647,0.0246075,0.151066,0.0387027,0.010383,0.0459788,0.0243275,0.0668377,0.058487,0.0564866,0.0354292,0.0300218,0.00469522,0.0138124
N1,86,0.224993,0.010975,0.0316841,0.0438542,0.0196973,0.0408906,0.0125412,0.0375525,0.0392098,0.052566,0.0144698,0.0291561,0.0289133,0.0258622,0.0321603,0.0859231,0.195932,0.0530356,0.00499876,0.0155848
N1,87,0.052099,0.00657715,0.0315317,0.0375149,0.0145011,0.546293,0.0104826,0.0225254,0.0315315,0.0349183,0.0087169,0.0260652,0.0206485,0.0199208,0.0268294,0.0393007,0.0270284,0.0270073,0.00426184,0.0122461
N1,88,0.0874514,0.00951553,0.158,0.0890097,0.0214874,0.0371289,0.015166,0.0470098,0.0411443,0.0593614,0.0160056,0.042796,0.0265587,0.0305814,0.0318553,0.0541476,0.0599355,0.149929,0.0051653,0.0177511
N1,89,0.0384826,0.00836781,0.0182128,0.0254248,0.21868,0.0205682,0.0111516,0.198042,0.0244107,0.151521,0.0281654,0.0163307,0.0166833,0.0164996,0.0217981,0.0265618,0.0270836,0.0825416,0.0103058,0.0391687
N1,90,0.422318,0.0109568,0.0305502,0.0427988,0.0192727,0.049716,0.0117968,0.0348039,0.0359086,0.0505797,0.0129063,0.0255704,0.0299162,0.0240081,0.0301627,0.0593436,0.0424851,0.0467811,0.00495072,0.0151742
N1,91,0.0462505,0.00591216,0.190124,0.122615,0.0149808,0.0362168,0.0171968,0.0233008,0.187504,0.0365923,0.00951972,0.0651079,0.023898,0.0426984,0.0533148,0.044917,0.0342327,0.0277038,0.00424586,0.0136689
N1,92,0.0320326,0.00686242,0.0191653,0.0258994,0.0825191,0.0202957,0.0195654,0.031994,0.0247048,0.0575469,0.0123731,0.0173918,0.0156317,0.0166694,0.022574,0.0248317,0.0220953,0.0334614,0.0191461,0.49524
N1,93,0.0463233,0.00674181,0.0642035,0.0543191,0.0164714,0.0418589,0.0204756,0.0246071,0.0484351,0.0383879,0.0098165,0.403403,0.0224004,0.0294346,0.0373333,0.0500651,0.0363425,0.0290518,0.00454035,0.0157887
N1,94,0.0320326,0.00686242,0.0191653,0.0258994,0.0825191,0.0202957,0.0195654,0.031994,0.0247048,0.0575469,0.0123731,0.0173918,0.0156317,0.0166694,0.022574,0.0248317,0.0220953,0.0334614,0.0191461,0.49524
N1,95,0.0416307,0.00582925,0.0336981,0.0546797,0.0155391,0.0297207,0.0147983,0.0243984,0.440799,0.0386577,0.0100053,0.0303623,0.0221562,0.0373743,0.0871976,0.0358454,0.0305906,0.0284656,0.00447027,0.0137811
N1,96,0.0375066,0.00716671,0.0181303,0.025616,0.0423689,0.0203707,0.0097163,0.0766415,0.0247617,0.489069,0.0303946,0.0158584,0.0171037,0.0168693,0.0220584,0.0257465,0.0260495,0.065493,0.00747847,0.0216001
N1,97,0.0408542,0.00541992,0.0244665,0.0331922,0.0146305,0.0256952,0.00971782,0.0232479,0.0291245,0.0366528,0.00876796,0.0189085,0.584809,0.0189085,0.0247489,0.0321631,0.0253536,0.0273774,0.00397109,0.0119899
N1,98,0.0610406,0.00736524,0.223366,0.0789578,0.0159282,0.0472771,0.0155377,0.0248155,0.0435565,0.038391,0.00988171,0.0659615,0.0276128,0.0306403,0.0338451,0.182346,0.0446491,0.0300918,0.00439021,0.0143454
N1,99,0.0415759,0.00557983,0.459601,0.0943032,0.0141555,0.0360345,0.013393,0.0217227,0.0394045,0.033953,0.00856688,0.0432635,0.0220695,0.0274181,0.0304845,0.0376696,0.028379,0.0257388,0.00395485,0.0127322
N1,100,0.0328941,0.00716169,0.0174642,0.0240656,0.468846,0.0194899,0.0121126,0.0434695,0.0229532,0.0862234,0.0166204,0.0155258,0.0154483,0.0154413,0.020636,0.0241479,0.0225786,0.0424615,0.0162444,0.0762154
N1,101,0.0514335,0.00892117,0.021215,0.0302469,0.0328043,0.0240917,0.0106307,0.110604,0.0295906,0.12988,0.154179,0.0191427,0.0194615,0.0202261,0.02552,0.0334007,0.0709301,0.181931,0.00643003,0.0193614
N1,102,0.052099,0.00657715,0.0315317,0.0375149,0.0145011,0.546293,0.0104826,0.0225254,0.0315315,0.0349183,0.0087169,0.0260652,0.0206485,0.0199208,0.0268294,0.0393007,0.0270284,0.0270073,0.00426184,0.0122461
N1,103,0.0510447,0.474586,0.0231531,0.0310333,0.024547,0.0304389,0.0109953,0.0356,0.0288115,0.0544806,0.0127701,0.0206269,0.0199478,0.0187036,0.025612,0.0379715,0.0312297,0.042539,0.00635312,0.0195559
N1,104,0.0700781,0.010699,0.0247762,0.0350997,0.0250934,0.028322,0.0114052,0.0784665,0.0333539,0.0780432,0.0210494,0.0229545,0.0231139,0.0219,0.0281479,0.0464017,0.197979,0.220045,0.00557699,0.0174941
N1,105,0.0439857,0.00831715,0.0190332,0.0270002,0.036974,0.0217167,0.00979699,0.125815,0.0258491,0.279428,0.0304547,0.0166841,0.0181867,0.0175097,0.022801,0.027943,0.0301813,0.211724,0.00667667,0.0199229
N1,106,0.230744,0.0123019,0.0247045,0.0356833,0.0249292,0.0328491,0.0110769,0.0666153,0.0319907,0.0764521,0.0191729,0.0216328,0.0247972,0.0215414,0.0273187,0.0445097,0.0467787,0.224111,0.00558028,0.0172108
N1,107,0.0314107,0.0070033,0.0171762,0.0236931,0.235387,0.0196722,0.0123409,0.0355816,0.0228452,0.0719345,0.0146658,0.0152163,0.0149592,0.0153035,0.0213343,0.0235598,0.0213838,0.0361502,0.277904,0.0824788
N1,108,0.0582183,0.00834335,0.0480518,0.0507873,0.0182559,0.039569,0.0178579,0.0300832,0.0498086,0.0447869,0.0121329,0.192264,0.0248438,0.0305204,0.0374718,0.0844203,0.195132,0.0363465,0.00481323,0.0162932
N1,109,0.0598016,0.00852785,0.0525602,0.0515963,0.0176358,0.0460696,0.0182051,0.0276079,0.0478268,0.0421588,0.0110594,0.204841,0.0258674,0.0301035,0.037365,0.184229,0.0804412,0.0332641,0.00475376,0.0160856
N1,110,0.0440661,0.00620664,0.0343738,0.0592025,0.0166804,0.0304132,0.0229796,0.0255976,0.100403,0.0418325,0.0110348,0.0307428,0.0231883,0.189621,0.243468,0.0383149,0.0317073,0.0297805,0.00505029,0.0153364
N1,111,0.0511095,0.00649121,0.0798298,0.213898,0.0178279,0.0349783,0.10793,0.0251848,0.0580479,0.0402679,0.0103689,0.0648451,0.0246932,0.0663695,0.044987,0.0627154,0.0362108,0.0299123,0.00504756,0.0192858
N1,112,0.0425422,0.00804748,0.0188522,0.0267076,0.0374764,0.0214476,0.00973465,0.170493,0.0256105,0.289333,0.0310118,0.0165239,0.0179278,0.0173124,0.0226005,0.0275144,0.0294802,0.160658,0.00670825,0.0200186
N1,113,0.0601824,0.00732587,0.199151,0.0833665,0.0166416,0.0392805,0.0155311,0.0273406,0.0458391,0.041334,0.0109693,0.0646432,0.0263184,0.0319134,0.0342225,0.0772849,0.165668,0.0338325,0.00447536,0.0146806
N1,114,0.0760663,0.186537,0.0357261,0.0414289,0.0221999,0.0437778,0.0173341,0.0326556,0.0385006,0.0497209,0.0129077,0.088602,0.0236042,0.0250716,0.0342544,0.153137,0.0506759,0.0413156,0.00576219,0.0207224
N1,115,0.0464584,0.00640991,0.0493128,0.061414,0.0161341,0.0366466,0.0204241,0.0248914,0.232696,0.0390692,0.0102995,0.192327,0.0230418,0.0406914,0.0650387,0.0481881,0.0380268,0.0293231,0.00455705,0.0150497
N1,116,0.207157,0.00838496,0.0381322,0.0710989,0.0185434,0.0414906,0.0178027,0.0310838,0.0549645,0.0494087,0.014158,0.0321474,0.0298848,0.172922,0.0449046,0.0622728,0.0450127,0.0396771,0.00502448,0.0159293
N1,117,0.0994538,0.00971261,0.0381067,0.0451933,0.0172048,0.216301,0.0130503,0.0286345,0.040566,0.0428974,0.0117344,0.0433648,0.0253567,0.0255816,0.0334539,0.105373,0.147581,0.0373203,0.00484599,0.014268
N1,118,0.070342,0.00889293,0.0474404,0.048553,0.017084,0.128721,0.015925,0.0264899,0.0431647,0.0407882,0.0105212,0.149679,0.0262633,0.0275442,0.0350623,0.203025,0.048385,0.0321959,0.00475377,0.0151689
N1,119,0.0593734,0.00748942,0.0540904,0.0489346,0.015899,0.281355,0.0154787,0.0242843,0.0419852,0.0377016,0.00966806,0.176694,0.022882,0.0260783,0.0341125,0.0612013,0.0346863,0.0293355,0.00459422,0.0141562
N1,120,0.0513851,0.00818765,0.0535387,0.192284,0.0370036,0.0297268,0.041033,0.0317599,0.0471511,0.0540524,0.0138535,0.036902,0.0223119,0.0452589,0.0387868,0.0426633,0.0340904,0.0372742,0.0101269,0.17261
N1,121,0.185798,0.0100013,0.05146,0.0551899,0.0183942,0.0594472,0.0178228,0.0298655,0.0483407,0.0450016,0.0121425,0.151257,0.0275759,0.0321919,0.0368708,0.104062,0.0555377,0.0378011,0.00486798,0.016372
N1,122,0.0561881,0.0126704,0.0233343,0.0320162,0.181093,0.0262615,0.0172329,0.0624318,0.0313653,0.0992236,0.0287527,0.0241616,0.0211316,0.0217276,0.0279147,0.0538264,0.153016,0.0689267,0.0104891,0.0482367
N1,123,0.180182,0.0163338,0.0270018,0.037026,0.0619806,0.032773,0.0272915,0.0410563,0.0339066,0.06872,0.0173468,0.0275562,0.0232224,0.0252772,0.0313748,0.0551022,0.0385674,0.0516417,0.012292,0.191347
N1,124,0.0308111,0.00676571,0.0178587,0.0244456,0.0789883,0.0199726,0.0154773,0.030794,0.0235879,0.0573599,0.0123447,0.0159375,0.014981,0.0158316,0.022419,0.0237325,0.0210514,0.0322188,0.286311,0.249111
N1,125,0.0473635,0.00624311,0.17443,0.0983499,0.0153807,0.0382093,0.0239208,0.0235924,0.0886788,0.0373938,0.00972594,0.0603815,0.0243197,0.0479259,0.173368,0.0491084,0.0344466,0.028045,0.00456793,0.0145489
N1,126,0.0526551,0.00790713,0.0259709,0.0426564,0.0278661,0.0268948,0.0161363,0.0552226,0.177258,0.214199,0.0340868,0.0260667,0.0231643,0.0423426,0.0651432,0.0382838,0.0404926,0.0564439,0.00663881,0.0205709
N1,127,0.0650723,0.0156515,0.0253021,0.0337079,0.198672,0.0310564,0.0194878,0.0453033,0.0322045,0.0817257,0.0201072,0.0272523,0.0233242,0.0227603,0.0291667,0.166155,0.0459376,0.0516236,0.0112075,0.054282
N1,128,0.0424341,0.00669947,0.0332217,0.0475748,0.0201927,0.0302934,0.185288,0.0261761,0.075509,0.04332,0.0109664,0.0365349,0.0225644,0.0490012,0.240159,0.0384199,0.0310662,0.0300733,0.00640049,0.0241042
N1,129,0.0374545,0.00749492,0.0253198,0.0333442,0.0548176,0.0245079,0.200818,0.0307768,0.0326905,0.0540935,0.0124781,0.0262052,0.0186422,0.0241927,0.0316616,0.0311069,0.0263771,0.0335084,0.0133606,0.281149
N1,130,0.0708309,0.00667,0.0763711,0.205942,0.0149074,0.232885,0.0135151,0.023424,0.0467155,0.0364439,0.00944008,0.0388805,0.0240703,0.0340723,0.0352335,0.0517879,0.0326608,0.0287827,0.00434293,0.013024
N1,131,0.0644397,0.00769214,0.039415,0.0584407,0.0169424,0.039663,0.0165656,0.0271233,0.207692,0.0422514,0.0114019,0.0488382,0.0280732,0.0408276,0.0682856,0.173808,0.0559699,0.0327666,0.00476037,0.0150436
N1,132,0.040761,0.00757123,0.0185461,0.0261556,0.0328027,0.0210435,0.00935812,0.399411,0.0250162,0.124098,0.025209,0.0162454,0.0173208,0.0166156,0.0219173,0.0269378,0.0293451,0.116657,0.00618021,0.0188082
N1,133,0.0458802,0.00582771,0.0538826,0.246018,0.0151426,0.032062,0.0151661,0.023917,0.227295,0.0376625,0.00983285,0.0345054,0.0234472,0.0529052,0.0590803,0.038913,0.0322225,0.0284218,0.00430693,0.013511
N1,134,0.0556543,0.00661018,0.031842,0.0483404,0.0163809,0.0319148,0.0179546,0.0260699,0.0746886,0.0425558,0.0106267,0.0276507,0.241661,0.0388026,0.192824,0.0498334,0.0358246,0.0315349,0.00484291,0.0143875
N1,135,0.0320336,0.00686287,0.0191626,0.0258965,0.0825546,0.0202944,0.0195604,0.0320047,0.0247023,0.0575682,0.0123766,0.0173896,0.0156314,0.0166679,0.0225714,0.0248309,0.022096,0.0334706,0.0191438,0.495182
N1,136,0.0453471,0.00608328,0.0439336,0.0934033,0.0165838,0.0309038,0.0200946,0.0256583,0.0623626,0.0416045,0.0109313,0.0311075,0.0238848,0.377924,0.0507753,0.0381706,0.0315415,0.0300043,0.00469474,0.0149913
N1,137,0.0517005,0.00839473,0.026175,0.0407354,0.025738,0.0282125,0.0178185,0.0456731,0.0761108,0.0882201,0.139906,0.0261314,0.0219204,0.0437888,0.202982,0.039267,0.0409466,0.0485218,0.00735193,0.0204051
N1,138,0.050205,0.0087999,0.156101,0.0694075,0.0339894,0.042887,0.0291071,0.0299264,0.0393572,0.0529111,0.0136203,0.0413784,0.0222661,0.0322733,0.0395883,0.0499875,0.0338657,0.0348503,0.171701,0.0477771
N1,139,0.0854095,0.0126108,0.0272854,0.038174,0.0291282,0.0330724,0.0137297,0.0641096,0.0384189,0.0862831,0.113222,0.0296566,0.0251409,0.0287711,0.0327244,0.160379,0.0885449,0.067061,0.00632653,0.0199526
N1,140,0.0772219,0.0105296,0.0373327,0.0454372,0.0180911,0.0471592,0.0137582,0.0288484,0.0404677,0.0438815,0.01129,0.0378927,0.0305995,0.0263133,0.0339529,0.381909,0.059563,0.0354657,0.00487023,0.0154162
N1,141,0.0475565,0.00609244,0.0731699,0.211804,0.0155501,0.0344435,0.0183952,0.024184,0.0963375,0.038285,0.00997086,0.0798509,0.0236048,0.0586234,0.137653,0.043264,0.0336327,0.0287832,0.00454272,0.0142557
N1,142,0.0526607,0.00710863,0.108138,0.197026,0.0174112,0.0382844,0.0183178,0.0300817,0.0574492,0.0432846,0.0113347,0.161121,0.0234324,0.0423984,0.0379415,0.0507508,0.0412617,0.0418558,0.00461499,0.0155271
N1,143,0.0494594,0.00837364,0.0205011,0.029114,0.0339653,0.0232635,0.0101646,0.115858,0.0274615,0.255105,0.0281698,0.017736,0.0422417,0.0185999,0.0240161,0.0309316,0.0324667,0.207291,0.00630689,0.0189737
N1,144,0.0320326,0.00686243,0.0191652,0.0258993,0.0825195,0.0202957,0.0195653,0.0319943,0.0247047,0.0575474,0.0123732,0.0173918,0.0156317,0.0166693,0.0225739,0.0248316,0.0220953,0.0334617,0.019146,0.495239
N1,145,0.0588409,0.00838337,0.055144,0.0522755,0.0172836,0.047587,0.0185515,0.0264658,0.0474441,0.040833,0.0105938,0.230302,0.0257852,0.0299756,0.0373923,0.188814,0.0518254,0.0318184,0.00470611,0.0159788
N1,146,0.173343,0.161775,0.0278061,0.0373432,0.0215224,0.036294,0.0132351,0.0338333,0.0339427,0.053105,0.0129014,0.0246812,0.128141,0.0229864,0.0307813,0.0735438,0.0435354,0.0482404,0.00551324,0.0174766
N1,147,0.100795,0.00737996,0.0717161,0.221595,0.0163061,0.0431926,0.0148859,0.0262286,0.0523042,0.0405133,0.0106269,0.040524,0.0287417,0.042472,0.0379178,0.145897,0.047406,0.0326411,0.00450447,0.0143519
N1,148,0.0942483,0.0120888,0.0276322,0.0375394,0.0313713,0.188939,0.0140852,0.0483074,0.035495,0.192385,0.0269322,0.0280078,0.0238094,0.0264006,0.0329148,0.05257,0.0393155,0.0608093,0.00775146,0.0193971
N1,149,0.0607978,0.00745919,0.0391525,0.0656975,0.0180938,0.0424226,0.0193167,0.0303758,0.102962,0.0474949,0.0140736,0.0385539,0.0263819,0.1783,0.0531088,0.0606382,0.137506,0.0369183,0.00494702,0.0157999
N1,150,0.06113,0.00610569,0.0568027,0.210616,0.0153137,0.0330912,0.0138316,0.0247149,0.0479647,0.0390128,0.00981067,0.0285865,0.24744,0.0395922,0.0351256,0.048098,0.0348216,0.0305224,0.00421723,0.0132024
N1,151,0.0702238,0.196053,0.0220859,0.0306215,0.0310917,0.0280281,0.0109438,0.0699773,0.028789,0.083445,0.0194731,0.0201009,0.0204124,0.0190884,0.0256569,0.0399695,0.040702,0.216144,0.00653782,0.0206553
N1,152,0.0720765,0.010465,0.0364384,0.0492409,0.0239817,0.038014,0.0152781,0.0456896,0.0480166,0.0627386,0.0178515,0.0362517,0.0304904,0.0302365,0.0386208,0.0737549,0.287973,0.0573203,0.006216,0.0193453
N1,153,0.073726,0.0104728,0.0806268,0.0607299,0.0221891,0.0612387,0.018765,0.0335131,0.0505032,0.0522221,0.0135706,0.09756,0.032189,0.0417279,0.0412408,0.188653,0.0546874,0.040528,0.00610105,0.0197554
N1,154,0.12017,0.0111787,0.0321187,0.0411752,0.0201644,0.211311,0.0122614,0.0391921,0.0356774,0.0538212,0.0142179,0.0289566,0.0972306,0.0235481,0.0305111,0.0600669,0.0430884,0.104639,0.00533567,0.0153355
N1,155,0.0837999,0.00843738,0.0284536,0.0394498,0.0201773,0.0318147,0.0121391,0.0420028,0.0352414,0.0590528,0.0137318,0.0239496,0.268179,0.0240968,0.0297244,0.117763,0.0474964,0.0942598,0.00494063,0.0152894
N1,156,0.0737983,0.00730487,0.0459332,0.0682791,0.0162931,0.224271,0.0191446,0.0252843,0.054763,0.0402827,0.0109479,0.0440382,0.0250974,0.152906,0.0469137,0.0591907,0.0354446,0.0308511,0.00487001,0.0143867
N1,157,0.050793,0.00857117,0.0265264,0.0424335,0.0808232,0.0265003,0.0303461,0.0468345,0.0417599,0.194501,0.0321275,0.0255142,0.02211,0.149888,0.0392054,0.0390113,0.0354143,0.0498822,0.0103716,0.0473869
N1,158,0.050094,0.0112124,0.0320957,0.0375211,0.171471,0.0319334,0.038293,0.0420576,0.0369417,0.0735481,0.0196887,0.142963,0.0207818,0.0259784,0.0322094,0.0553047,0.0401091,0.0448125,0.0103617,0.0826233
N1,159,0.0676308,0.169358,0.0393974,0.0431305,0.0220883,0.0454415,0.0203044,0.0320707,0.0405173,0.0489028,0.0129145,0.167312,0.0229076,0.0263172,0.0360353,0.0874931,0.0502565,0.0401504,0.00573292,0.0220388
N1,160,0.0426805,0.00899825,0.0267407,0.0383633,0.0426043,0.0267077,0.0555043,0.0324134,0.0571867,0.057978,0.0143519,0.0298641,0.0202547,0.0337032,0.19325,0.0373845,0.0309261,0.0358681,0.0153845,0.199836
N1,161,0.0663634,0.00806259,0.0943276,0.145249,0.0234562,0.0342057,0.017361,0.0412277,0.050616,0.0698843,0.116381,0.045341,0.0239848,0.0523182,0.0361598,0.0497599,0.0510079,0.0490027,0.00592959,0.0193614
N1,162,0.0408542,0.00541992,0.0244665,0.0331922,0.0146305,0.0256952,0.00971782,0.0232479,0.0291245,0.0366528,0.00876796,0.0189085,0.584809,0.0189085,0.0247489,0.0321631,0.0253536,0.0273774,0.00397109,0.0119899
N1,163,0.0495344,0.00860116,0.0244045,0.0375723,0.0297027,0.0264735,0.0180479,0.0521599,0.0597818,0.231234,0.0286737,0.0236132,0.0223019,0.0373266,0.193779,0.0367003,0.0362636,0.0535454,0.0081247,0.0221604
N1,164,0.107691,0.00861346,0.0505423,0.0571715,0.0175908,0.0505094,0.0187245,0.0280829,0.142934,0.0428499,0.0114303,0.174197,0.0259198,0.0353871,0.0464176,0.0784047,0.0482628,0.0346304,0.0047475,0.015893
N1,165,0.064051,0.170971,0.0431265,0.0429053,0.0300168,0.0375079,0.142904,0.0330911,0.0386405,0.0538256,0.0135752,0.0421252,0.0231861,0.0289427,0.0395457,0.0652765,0.0412967,0.04076,0.00746609,0.0407861
N1,166,0.0320326,0.00686242,0.0191653,0.0258994,0.0825191,0.0202957,0.0195654,0.031994,0.0247048,0.0575469,0.0123731,0.0173918,0.0156317,0.0166694,0.022574,0.0248317,0.0220953,0.0334614,0.0191461,0.49524
N1,167,0.227254,0.0122837,0.0257095,0.0364185,0.0241448,0.0482296,0.0112546,0.0624918,0.0324967,0.0726515,0.0184751,0.0227863,0.0245138,0.0217908,0.0277733,0.046016,0.0464632,0.216737,0.00557223,0.0169379
N1,168,0.0475171,0.0107575,0.0242897,0.0356072,0.162531,0.0268675,0.0337007,0.0433431,0.0513368,0.0954954,0.0231996,0.0254663,0.0209023,0.030509,0.16208,0.0401953,0.0339398,0.0459421,0.0174302,0.0688897
N1,169,0.317459,0.0122778,0.0357124,0.0518878,0.0240465,0.0536547,0.0142087,0.0415322,0.0430807,0.0619973,0.0161767,0.0294556,0.0347061,0.0292259,0.0362027,0.066253,0.048537,0.0583666,0.00628938,0.0189302
N1,170,0.0764313,0.0104375,0.0366353,0.045088,0.0183688,0.0452068,0.0137027,0.0298063,0.0405699,0.0449481,0.0116351,0.0373801,0.0300601,0.0263055,0.0339101,0.367287,0.074998,0.0367543,0.00490282,0.0155721
N1,171,0.0610565,0.00696267,0.055309,0.0530895,0.016461,0.0396364,0.0210008,0.0258274,0.0495735,0.0405934,0.010279,0.148742,0.223436,0.0331129,0.0371499,0.0820526,0.0449596,0.0314727,0.0044519,0.0148335
N1,172,0.059101,0.00776118,0.0532936,0.0499728,0.0165006,0.190768,0.0164673,0.0257046,0.044659,0.0394317,0.0102977,0.194965,0.0235978,0.0276451,0.0352933,0.0709426,0.0831088,0.0310557,0.00462461,0.0148089
N1,173,0.0751548,0.0112928,0.029628,0.0387797,0.0242644,0.0361351,0.0128541,0.051958,0.0363143,0.0669493,0.0171005,0.0309295,0.026479,0.024149,0.0308941,0.338194,0.0650401,0.0603653,0.00561721,0.0179005
N1,174,0.0587885,0.0074263,0.0545472,0.0488909,0.0157118,0.276557,0.0155667,0.023994,0.0420189,0.037238,0.00956785,0.183296,0.0226775,0.0260763,0.0340254,0.0613622,0.0346785,0.0289952,0.00453042,0.0140515
N1,175,0.0753487,0.00908738,0.146884,0.0795718,0.0234948,0.0342392,0.0160528,0.0953862,0.0416202,0.0687822,0.0192981,0.050392,0.0254549,0.0309354,0.0320715,0.0517452,0.0608899,0.114286,0.00538172,0.0190778
N1,176,0.0684408,0.0134766,0.0334557,0.0388103,0.0484276,0.193633,0.0355148,0.0314832,0.0355407,0.0532299,0.0135927,0.0433684,0.021322,0.0252461,0.0342126,0.0575678,0.0333457,0.0376858,0.015153,0.166494
N1,177,0.0308111,0.00676571,0.0178587,0.0244456,0.0789883,0.0199726,0.0154773,0.030794,0.0235879,0.0573599,0.0123447,0.0159375,0.014981,0.0158316,0.022419,0.0237325,0.0210514,0.0322188,0.286311,0.249111
N1,178,0.0451392,0.00615265,0.0394382,0.073715,0.0169699,0.0305464,0.0211837,0.0261492,0.0633886,0.0426812,0.011236,0.0307414,0.0239237,0.395019,0.05326,0.0381135,0.0317063,0.0304396,0.00481081,0.0153855
N1,179,0.0408542,0.00541992,0.0244665,0.0331922,0.0146305,0.0256952,0.00971782,0.0232479,0.0291245,0.0366528,0.00876796,0.0189085,0.584809,0.0189085,0.0247489,0.0321631,0.0253536,0.0273774,0.00397109,0.0119899
N1,180,0.0390125,0.00849857,0.019263,0.0268846,0.217679,0.0214368,0.0136976,0.0641252,0.0262249,0.146254,0.149472,0.0176266,0.0170619,0.0182917,0.0236909,0.0279181,0.0275753,0.0569081,0.0127678,0.0656112
N1,181,0.0623941,0.00882739,0.0354504,0.0506031,0.017528,0.0399615,0.0195351,0.0273786,0.0818328,0.0433551,0.0114865,0.0403249,0.0276359,0.0403075,0.212997,0.176678,0.0495809,0.0328915,0.00527147,0.0159599
N1,182,0.230663,0.0123009,0.0246971,0.0356745,0.0249376,0.0328375,0.0110761,0.0666403,0.031985,0.0764795,0.0191777,0.0216279,0.0247914,0.0215382,0.0273145,0.0444985,0.0467751,0.224189,0.00558184,0.0172147
N1,183,0.0490691,0.00874943,0.0200961,0.0286869,0.0341095,0.0229871,0.0101415,0.121901,0.0277079,0.139052,0.151844,0.0177389,0.0186686,0.0188357,0.0241411,0.0300188,0.0356269,0.214636,0.00651168,0.0194787
N1,184,0.230663,0.0123009,0.0246971,0.0356745,0.0249376,0.0328375,0.0110761,0.0666403,0.031985,0.0764795,0.0191777,0.0216279,0.0247914,0.0215382,0.0273145,0.0444985,0.0467751,0.224189,0.00558184,0.0172147
N1,185,0.0395109,0.00748507,0.0183518,0.0259332,0.0387747,0.0207265,0.00957292,0.227403,0.0249807,0.307331,0.0322112,0.0160933,0.0172727,0.0168273,0.0220779,0.0264547,0.027971,0.0939349,0.00679922,0.0202874
N1,186,0.0750007,0.0101716,0.0345868,0.0441811,0.0189745,0.0392589,0.0134669,0.0326717,0.0411159,0.0480064,0.012728,0.0362446,0.0285456,0.0264265,0.0338574,0.219312,0.224031,0.0408207,0.00494502,0.0156542
N1,187,0.0362567,0.00777219,0.0179406,0.0250495,0.241504,0.020143,0.0113614,0.0656945,0.0241208,0.290278,0.0274198,0.0159709,0.0164691,0.0164614,0.0216952,0.0256151,0.0249972,0.0573532,0.0119037,0.0419929
N1,188,0.0450332,0.00597952,0.0418153,0.108502,0.0159266,0.0310265,0.0179925,0.0249789,0.240152,0.0399751,0.0106704,0.0338477,0.0234841,0.164077,0.0768608,0.0388056,0.0326775,0.0293257,0.00455419,0.0143162
N1,189,0.0609808,0.00803251,0.0237094,0.0344266,0.0286542,0.0260827,0.012764,0.0522032,0.0329117,0.226661,0.0214498,0.020481,0.235364,0.0248743,0.0291897,0.0404318,0.0369,0.0602735,0.00612364,0.0184856
N1,190,0.0585038,0.00997904,0.0232704,0.0332765,0.0326576,0.0260405,0.0124031,0.0825846,0.0333925,0.232198,0.0392704,0.0222453,0.0225125,0.0240021,0.0291418,0.0442472,0.160929,0.0864935,0.00655379,0.0202989
N1,191,0.046392,0.00683297,0.0440516,0.0547748,0.016623,0.0374507,0.0287389,0.0251633,0.104053,0.0399216,0.0104868,0.171112,0.0229433,0.0433172,0.209267,0.0508827,0.0373583,0.0295337,0.00493531,0.0161613
N1,192,0.225063,0.0109755,0.0316828,0.0438534,0.0196986,0.0408898,0.0125411,0.0375544,0.0392088,0.0525696,0.0144703,0.0291545,0.0289122,0.0258618,0.0321599,0.0859199,0.195861,0.0530384,0.00499901,0.0155855
N1,193,0.0753011,0.00770957,0.0335725,0.0434205,0.0168099,0.0368373,0.0129896,0.0271258,0.0381081,0.042357,0.0105063,0.0281362,0.287765,0.0257683,0.0319289,0.183955,0.0456005,0.0335619,0.00451743,0.0140291
N1,194,0.422318,0.0109568,0.0305502,0.0427988,0.0192727,0.049716,0.0117968,0.0348039,0.0359086,0.0505797,0.0129063,0.0255704,0.0299162,0.0240081,0.0301627,0.0593436,0.0424851,0.0467811,0.00495072,0.0151742
N1,195,0.0625223,0.00904677,0.0311579,0.0415686,0.0196859,0.0332016,0.0126896,0.0375719,0.0397801,0.0524087,0.0140691,0.030399,0.0257676,0.0250634,0.0325419,0.0657445,0.39953,0.0466038,0.00497861,0.0156688
