Ancestral Node,Pos,A,C,D,E,F,G,H,I,K,L,M,N,P,Q,R,S,T,V,W,Y
N1,1,0.0418376,0.00551363,0.283986,0.0769695,0.0128601,0.0390584,0.0170372,0.0196558,0.0429689,0.030548,0.00795952,0.223928,0.0205572,0.0290032,0.0317861,0.0455118,0.03118,0.0236873,0.00355863,0.0123939
N1,2,0.0414736,0.00775589,0.0162643,0.0232567,0.0298962,0.0189019,0.00834374,0.272333,0.0223421,0.115438,0.0239863,0.0145724,0.0157857,0.0149995,0.0195272,0.0253687,0.0297383,0.277821,0.00541903,0.0167763
N1,3,0.0755229,0.0100051,0.0329144,0.0416449,0.0168652,0.0376428,0.0126766,0.0300245,0.0390152,0.0433564,0.0118297,0.0360504,0.0271592,0.0251703,0.0318397,0.232782,0.238827,0.0383819,0.00430957,0.0139819
N1,4,0.190809,0.00973764,0.0520334,0.0538062,0.0161059,0.0599482,0.0176325,0.0266904,0.0471028,0.039714,0.011105,0.163196,0.0258575,0.0316954,0.0351425,0.109504,0.0563147,0.0346863,0.00419041,0.0147282
N1,5,0.0628306,0.00748992,0.0364355,0.186263,0.0255354,0.0262148,0.0153322,0.0506916,0.0465517,0.207847,0.0284999,0.025466,0.0233438,0.0576683,0.0353906,0.03907,0.0396678,0.0611059,0.00577638,0.0188197
N1,6,0.0487309,0.517022,0.0203816,0.0272641,0.0228672,0.0279791,0.00994258,0.0330784,0.0254811,0.0501821,0.0118068,0.018671,0.0177017,0.0166495,0.0228056,0.0360248,0.0292891,0.0401207,0.00580514,0.0181963
N1,7,0.0371761,0.0047188,0.0216545,0.0294283,0.0122208,0.0226031,0.00852617,0.0197689,0.0256883,0.0311114,0.00749069,0.0166693,0.635461,0.016797,0.0217459,0.0293405,0.0226791,0.0235934,0.00328158,0.010045
N1,8,0.0286713,0.00660758,0.0144378,0.0199892,0.507136,0.0162369,0.0111793,0.0413626,0.0193109,0.0846416,0.0159465,0.0132065,0.0129631,0.0131978,0.017522,0.0208285,0.0197474,0.0396286,0.0165043,0.0808819
N1,9,0.0739261,0.00679556,0.0457011,0.068343,0.0139334,0.239979,0.0190669,0.0218405,0.0541208,0.034845,0.00984573,0.0453173,0.0232391,0.159115,0.0462829,0.0596641,0.0338789,0.0272679,0.00424326,0.0125949
N1,10,0.0743659,0.00688764,0.0759811,0.229033,0.0140601,0.040655,0.0146678,0.0228202,0.0524584,0.0351535,0.00947611,0.0426424,0.0274318,0.0448797,0.0370907,0.177963,0.0491063,0.0287295,0.0038759,0.0127221
N1,11,0.0408894,0.0078975,0.0160649,0.0230916,0.0364248,0.0185722,0.00864645,0.133397,0.0224105,0.295071,0.0314498,0.0144303,0.0158852,0.0154412,0.0198498,0.0249396,0.0281333,0.222839,0.00611472,0.0184528
N1,12,0.0348269,0.00795545,0.0152185,0.0214284,0.23333,0.0173716,0.0101369,0.20829,0.0208776,0.157788,0.0288713,0.0140743,0.0142796,0.0143485,0.0187795,0.0234628,0.0247278,0.0844581,0.0100507,0.0397247
N1,13,0.0432798,0.00617832,0.0659971,0.052652,0.0142086,0.0404297,0.0205432,0.0212705,0.0470419,0.0330178,0.00864442,0.434495,0.0203065,0.0284381,0.0355704,0.0494376,0.0349611,0.0254513,0.00388596,0.014191
N1,14,0.242837,0.0123503,0.022003,0.0323061,0.0234203,0.0304984,0.0100104,0.0683613,0.0289161,0.0751323,0.0190214,0.0197019,0.0229774,0.019743,0.0246168,0.0431443,0.046561,0.237767,0.00498628,0.0156457
N1,15,0.0617586,0.00875621,0.0292797,0.0389148,0.0175381,0.0312132,0.0118366,0.0351833,0.0376191,0.0478345,0.0132421,0.0296675,0.0241983,0.0237098,0.0304427,0.0678829,0.428094,0.0445451,0.0043306,0.0139528
N1,16,0.0670669,0.00915382,0.034973,0.0425876,0.0168059,0.0360462,0.0133627,0.030499,0.0404195,0.0434613,0.0119646,0.046806,0.0254081,0.0255916,0.0323341,0.116485,0.349963,0.0386897,0.00427688,0.0141055
N1,17,0.0348269,0.00795545,0.0152185,0.0214284,0.23333,0.0173716,0.0101369,0.20829,0.0208776,0.157788,0.0288713,0.0140743,0.0142796,0.0143485,0.0187795,0.0234628,0.0247278,0.0844581,0.0100507,0.0397247
N1,18,0.0371761,0.0047188,0.0216545,0.0294284,0.0122208,0.0226031,0.00852618,0.0197689,0.0256883,0.0311115,0.0074907,0.0166693,0.635461,0.016797,0.0217459,0.0293405,0.0226791,0.0235934,0.00328158,0.010045
N1,19,0.078037,0.0104167,0.0359392,0.0429869,0.0159317,0.0464317,0.0129996,0.025836,0.0382508,0.0388924,0.0102451,0.0378822,0.0294277,0.0250255,0.0319221,0.408258,0.0610767,0.0324611,0.00423599,0.0137434
N1,20,0.0861329,0.00840114,0.0227575,0.0336978,0.0207219,0.0257284,0.0106571,0.0550393,0.0305124,0.0702775,0.0156477,0.0194686,0.257093,0.0213357,0.0258213,0.0439566,0.0457299,0.187958,0.00458703,0.0144768
N1,21,0.187339,0.0168785,0.0247385,0.0340348,0.0644764,0.0307193,0.028126,0.0391641,0.031218,0.0659938,0.0169077,0.0264518,0.0214243,0.0240212,0.029261,0.0552089,0.0375342,0.0502968,0.0123291,0.203877
N1,22,0.189612,0.0158123,0.0206367,0.0290281,0.201563,0.0287806,0.0152628,0.053767,0.027095,0.0977282,0.0242152,0.0200957,0.0207978,0.0196593,0.0244472,0.0479576,0.0362063,0.0699539,0.0105887,0.0467919
N1,23,0.0224881,0.00454074,0.0129401,0.0178174,0.0321276,0.0148901,0.00819336,0.0223154,0.0172189,0.0403133,0.00869621,0.0112773,0.0110379,0.0113139,0.016148,0.017076,0.0152847,0.0234675,0.661644,0.0312092
N1,24,0.0442199,0.00541073,0.049453,0.218365,0.0131956,0.0302528,0.0179016,0.0208899,0.119691,0.0333012,0.00895247,0.0329101,0.0217587,0.0683634,0.204521,0.038571,0.0305856,0.0252415,0.00399749,0.0124184
N1,25,0.0364432,0.00536973,0.0271385,0.0422038,0.0138685,0.0261641,0.0161677,0.0212445,0.0971693,0.0343274,0.00888931,0.0251456,0.0192596,0.0343764,0.491806,0.0317634,0.0264469,0.0247762,0.00450077,0.0129394
N1,26,0.0462977,0.00842095,0.0250441,0.0359545,0.0450353,0.0245223,0.168014,0.0456005,0.0477351,0.118908,0.119124,0.0314468,0.0197265,0.0476965,0.0433209,0.0368288,0.0379894,0.0464548,0.00852069,0.0433598
N1,27,0.0394143,0.00868618,0.0243528,0.0353793,0.0429447,0.0239334,0.0596363,0.0296319,0.0570846,0.0542135,0.0135944,0.0289708,0.0181116,0.0333711,0.204059,0.0353642,0.0289568,0.0327724,0.0158053,0.213717
N1,28,0.0414736,0.00775589,0.0162643,0.0232567,0.0298962,0.0189019,0.00834374,0.272333,0.0223421,0.115438,0.0239863,0.0145724,0.0157857,0.0149995,0.0195272,0.0253687,0.0297383,0.277821,0.00541903,0.0167763
N1,29,0.061276,0.008507,0.0336937,0.0486175,0.0153864,0.0382576,0.0194295,0.0244045,0.084505,0.0385986,0.0105347,0.0404551,0.0260925,0.040626,0.226028,0.184524,0.0501856,0.0298039,0.00469235,0.0143813
N1,30,0.043156,0.00612785,0.0701315,0.0540372,0.0140805,0.0403084,0.0203336,0.021118,0.0468031,0.032778,0.00858454,0.431371,0.0203223,0.0284704,0.0353211,0.0491557,0.0347148,0.0252886,0.00385304,0.0140439
N1,31,0.0487309,0.517022,0.0203816,0.0272641,0.0228672,0.0279791,0.00994258,0.0330784,0.0254811,0.0501821,0.0118068,0.018671,0.0177017,0.0166495,0.0228056,0.0360248,0.0292891,0.0401207,0.00580514,0.0181963
N1,32,0.0759823,0.0120679,0.0362823,0.0435299,0.0231947,0.0347405,0.0174339,0.0656485,0.0433803,0.0651301,0.0194699,0.147301,0.0219977,0.0283721,0.0327588,0.0606529,0.0818867,0.165923,0.00499478,0.0192528
N1,33,0.187095,0.0168752,0.0247318,0.0340219,0.0645347,0.0306985,0.0281451,0.0391592,0.0312105,0.0659988,0.016906,0.0264512,0.0214134,0.0240165,0.0292584,0.0551794,0.0375162,0.0502759,0.0123394,0.204173
N1,34,0.0379903,0.00489977,0.495996,0.0972208,0.0117579,0.0338524,0.0125474,0.0182093,0.0368166,0.0283341,0.00729927,0.0436935,0.0199117,0.026095,0.0278893,0.0354217,0.0260155,0.0219058,0.00327289,0.0108711
N1,35,0.0369461,0.00936932,0.0167343,0.0234535,0.118218,0.0183413,0.0160311,0.178224,0.0232553,0.11864,0.025424,0.0167358,0.0149095,0.0164146,0.0214874,0.0258896,0.027556,0.0775918,0.013079,0.201699
N1,36,0.0788636,0.0104407,0.0357748,0.0428907,0.0159854,0.0464872,0.0129575,0.0259999,0.0381356,0.0391074,0.010292,0.037675,0.0294224,0.0249744,0.0318268,0.407541,0.0609547,0.032678,0.00424229,0.0137508
N1,37,0.0471068,0.00858487,0.0170719,0.024469,0.0277686,0.0201771,0.00850302,0.119334,0.0231791,0.100491,0.0213716,0.0152157,0.0167498,0.0155316,0.0201538,0.0271448,0.0318407,0.433783,0.00525772,0.0162646
N1,38,0.032361,0.00729097,0.0149371,0.0210366,0.259011,0.0169268,0.0103728,0.0661848,0.0205715,0.306826,0.028037,0.0136871,0.0140575,0.0143168,0.0186773,0.0224278,0.0224046,0.0562113,0.0118107,0.0428517
N1,39,0.0519517,0.0128198,0.0247674,0.03265,0.0603232,0.0246986,0.0323976,0.0419325,0.0333113,0.0663335,0.0184524,0.0333457,0.0194521,0.0243541,0.0307022,0.058581,0.167267,0.048642,0.0117194,0.206299
N1,40,0.0418376,0.00551363,0.283986,0.0769695,0.0128601,0.0390584,0.0170372,0.0196558,0.0429689,0.030548,0.00795952,0.223928,0.0205572,0.0290032,0.0317861,0.0455118,0.03118,0.0236873,0.00355863,0.0123939
N1,41,0.0589731,0.00823481,0.0545841,0.0501127,0.0152103,0.0476133,0.0181118,0.0235734,0.0457978,0.036039,0.00961057,0.222249,0.0245576,0.02911,0.0356536,0.218832,0.0543307,0.0288941,0.00408965,0.0144218
N1,42,0.261271,0.0117613,0.0324054,0.0426889,0.0167385,0.0508739,0.0120067,0.0291935,0.0364076,0.0428134,0.0113877,0.0301174,0.0302937,0.0245876,0.0302813,0.221472,0.058819,0.0388521,0.00430655,0.0137223
N1,43,0.191149,0.0122846,0.0386647,0.050355,0.0219226,0.0523118,0.0150037,0.0357936,0.0439063,0.0540461,0.0143441,0.0371288,0.0344793,0.0296012,0.0370732,0.201284,0.0585875,0.0482016,0.00577433,0.0180884
N1,44,0.059791,0.00687812,0.237912,0.0803257,0.0136303,0.0464987,0.0149736,0.0215048,0.0415922,0.0330366,0.00872039,0.0691576,0.0260934,0.029798,0.0317197,0.19116,0.044252,0.0266149,0.0037301,0.0126112
N1,45,0.0404519,0.00996534,0.0159733,0.0225189,0.219985,0.0185448,0.0106373,0.105124,0.0217449,0.139741,0.0266961,0.0148168,0.0151965,0.0150082,0.0195338,0.0255553,0.0272165,0.201172,0.0100088,0.0401089
N1,46,0.0576702,0.0150839,0.0277299,0.0342598,0.0581659,0.0295166,0.0364551,0.0329915,0.0332144,0.0563144,0.0141629,0.0384987,0.0213509,0.0248605,0.0316726,0.173683,0.0438453,0.0382501,0.0121405,0.220134
N1,47,0.0755229,0.0100051,0.0329144,0.0416449,0.0168652,0.0376428,0.0126766,0.0300245,0.0390152,0.0433564,0.0118297,0.0360504,0.0271592,0.0251703,0.0318397,0.232782,0.238827,0.0383819,0.00430957,0.0139819
N1,48,0.0323638,0.00729028,0.0149372,0.0210377,0.258732,0.0169269,0.0103702,0.066206,0.020573,0.307092,0.0280458,0.0136867,0.0140587,0.0143181,0.0186784,0.022428,0.022407,0.056226,0.0118055,0.0428163
N1,49,0.0416134,0.00540503,0.0359586,0.0720262,0.013981,0.0280019,0.0188357,0.0221725,0.256708,0.0358285,0.00994536,0.0328465,0.0215541,0.208204,0.0860482,0.0367075,0.0310202,0.0261915,0.00401834,0.0129344
N1,50,0.0487309,0.517022,0.0203816,0.0272641,0.0228672,0.0279791,0.00994258,0.0330784,0.0254811,0.0501821,0.0118068,0.018671,0.0177017,0.0166495,0.0228056,0.0360248,0.0292891,0.0401207,0.00580514,0.0181963
N1,51,0.0277127,0.00627961,0.0162181,0.0218976,0.0867994,0.0170576,0.0194665,0.0288445,0.0211503,0.0530292,0.0112771,0.0152099,0.0131394,0.0145038,0.0195795,0.0215414,0.0192118,0.02985,0.0196499,0.537582
N1,52,0.0495917,0.00598092,0.029292,0.0340405,0.012105,0.592125,0.00934446,0.0190289,0.0282496,0.0293077,0.00744784,0.0244756,0.0183504,0.0178644,0.0239678,0.0371831,0.02449,0.0232304,0.00359703,0.0103275
N1,53,0.0471068,0.00858487,0.0170719,0.024469,0.0277686,0.0201771,0.00850302,0.119334,0.0231791,0.100491,0.0213716,0.0152157,0.0167498,0.0155316,0.0201538,0.0271448,0.0318407,0.433783,0.00525772,0.0162646
N1,54,0.261732,0.0117824,0.0325104,0.0427603,0.0166924,0.0512368,0.0120208,0.0289725,0.0364126,0.0425853,0.0113152,0.0301898,0.0303923,0.0246002,0.0303011,0.223278,0.0567084,0.0384969,0.00430236,0.0137099
N1,55,0.0371762,0.0047188,0.0216545,0.0294284,0.0122208,0.0226031,0.00852618,0.019769,0.0256884,0.0311115,0.00749071,0.0166693,0.635461,0.016797,0.0217459,0.0293405,0.0226791,0.0235935,0.00328159,0.010045
N1,56,0.075523,0.0100051,0.0329146,0.041645,0.0168651,0.0376432,0.0126766,0.0300243,0.0390152,0.043356,0.0118296,0.0360505,0.0271593,0.0251703,0.0318397,0.232784,0.238825,0.0383817,0.00430956,0.0139819
N1,57,0.0636381,0.00724487,0.0382072,0.0574451,0.0147081,0.0380857,0.0161226,0.0240106,0.219001,0.0372182,0.0103979,0.0500206,0.0266381,0.0412057,0.0702023,0.181918,0.0569098,0.0295465,0.00412474,0.0133556
N1,58,0.0336909,0.00661157,0.0151208,0.0216241,0.0423552,0.0171454,0.00856076,0.0784084,0.0212511,0.523224,0.0313966,0.0135483,0.0147228,0.0147567,0.0190616,0.0225368,0.0235364,0.0652314,0.00697183,0.0202457
N1,59,0.190791,0.00974156,0.0520796,0.0537715,0.0160988,0.0600149,0.0176294,0.0266769,0.0470733,0.0396838,0.0110969,0.163328,0.0258483,0.0315616,0.0351089,0.109573,0.0563367,0.0346728,0.00418782,0.0147249
N1,60,0.0379903,0.00489977,0.495996,0.0972208,0.0117579,0.0338524,0.0125474,0.0182093,0.0368166,0.0283341,0.00729927,0.0436935,0.0199117,0.026095,0.0278893,0.0354217,0.0260155,0.0219058,0.00327289,0.0108711
N1,61,0.0364913,0.00698769,0.0160671,0.0231164,0.040915,0.0182088,0.00903493,0.0836303,0.0230314,0.346108,0.184188,0.0145045,0.0152834,0.0163414,0.0205546,0.0242322,0.0261312,0.0682445,0.0069005,0.0200292
N1,62,0.0487309,0.517022,0.0203816,0.0272641,0.0228672,0.0279791,0.00994258,0.0330784,0.0254811,0.0501821,0.0118068,0.018671,0.0177017,0.0166495,0.0228056,0.0360248,0.0292891,0.0401207,0.00580514,0.0181963
N1,63,0.0271136,0.00644392,0.0141522,0.0196233,0.251608,0.0164641,0.0114313,0.0327587,0.0192223,0.0689341,0.0138152,0.0128881,0.0124663,0.0130689,0.0183089,0.0202274,0.0184848,0.0327864,0.302515,0.0876875
N1,64,0.0743557,0.0068543,0.0768357,0.231151,0.0139549,0.0407109,0.014512,0.0227003,0.0522818,0.0349117,0.00941288,0.0426326,0.0273892,0.0438252,0.0367517,0.17716,0.0494625,0.028627,0.00384476,0.0126263
N1,65,0.0741858,0.00683777,0.0772562,0.231271,0.0139294,0.0407197,0.0145497,0.0226299,0.0523386,0.0348174,0.00938651,0.0429874,0.02733,0.0438479,0.036779,0.177285,0.0488603,0.0285292,0.00383987,0.0126202
N1,66,0.243668,0.0123772,0.0221311,0.0324769,0.0232829,0.0307103,0.0100397,0.0677469,0.029041,0.0745833,0.0189424,0.0197979,0.0230966,0.0198228,0.0247151,0.0433541,0.0466851,0.236957,0.00496918,0.0156025
N1,67,0.033604,0.00699509,0.0228246,0.0298658,0.0563625,0.0215262,0.216312,0.0277213,0.0297898,0.0496872,0.0114705,0.0249171,0.0163458,0.0227771,0.029516,0.0283818,0.0238926,0.0300728,0.013446,0.304492
N1,68,0.181862,0.0112558,0.0207825,0.0304622,0.0265147,0.0273857,0.0100758,0.174769,0.0284705,0.0958613,0.0264819,0.0191954,0.0215539,0.0195537,0.0243679,0.0402399,0.0479526,0.17137,0.00523845,0.0166071
N1,69,0.0379903,0.00489977,0.495996,0.0972208,0.0117579,0.0338524,0.0125474,0.0182093,0.0368166,0.0283341,0.00729927,0.0436935,0.0199117,0.026095,0.0278893,0.0354217,0.0260155,0.0219058,0.00327289,0.0108711
N1,70,0.0278827,0.00630975,0.0163262,0.0220286,0.0864305,0.0171789,0.0195016,0.0288549,0.0212654,0.0529884,0.0112844,0.015319,0.0132198,0.0145807,0.0196783,0.0217315,0.0193332,0.0298954,0.0195336,0.536657
N1,71,0.0350884,0.00789564,0.015898,0.022421,0.248417,0.0180404,0.0113024,0.0675897,0.0221507,0.161166,0.161607,0.014809,0.0145526,0.015599,0.0200561,0.0243916,0.0248598,0.0577134,0.0119211,0.0445206
N1,72,0.0702887,0.00838303,0.0259982,0.0468781,0.0208282,0.0272299,0.0135287,0.0629434,0.190814,0.0702053,0.0217962,0.0269747,0.0225777,0.0342894,0.0567505,0.0418544,0.057968,0.179527,0.00498663,0.0161772
N1,73,0.0414631,0.00775449,0.0162592,0.0232502,0.0299043,0.0188956,0.00834302,0.272543,0.0223376,0.11547,0.0239917,0.0145691,0.0157815,0.0149969,0.0195238,0.0253632,0.0297338,0.27762,0.00542033,0.0167796
N1,74,0.0636375,0.0072451,0.0382051,0.0574422,0.0147088,0.0380853,0.0161233,0.024011,0.218995,0.0372193,0.0103981,0.0500193,0.0266377,0.0412056,0.0702119,0.181917,0.056909,0.0295468,0.00412518,0.0133564
N1,75,0.0706471,0.00610205,0.0793907,0.216477,0.0125589,0.247592,0.012717,0.0200383,0.0451381,0.0310097,0.00825595,0.0388199,0.0221672,0.0336538,0.033283,0.0512194,0.0308166,0.0252342,0.00369203,0.0111874
N1,76,0.0432561,0.00526729,0.200596,0.128785,0.0126266,0.0341685,0.0168072,0.0199004,0.19684,0.0311573,0.00834107,0.0679852,0.0219788,0.0432377,0.0534052,0.0435672,0.0325793,0.0240374,0.00358039,0.0118831
N1,77,0.0379951,0.00489993,0.495777,0.0974026,0.0117593,0.0338432,0.0125477,0.0182125,0.0368333,0.0283394,0.00730068,0.0436726,0.0199136,0.0261113,0.0278993,0.0354203,0.0260174,0.0219096,0.00327329,0.0108717
N1,78,0.0414636,0.00775456,0.0162595,0.0232507,0.0299037,0.018896,0.00834308,0.272539,0.022338,0.115468,0.0239914,0.0145694,0.0157818,0.0149971,0.019524,0.0253636,0.0297341,0.277623,0.00542024,0.0167794
N1,79,0.044806,0.0106351,0.0216837,0.0323798,0.171364,0.0241539,0.0352301,0.0417338,0.0505883,0.0958807,0.0234271,0.0240801,0.0188472,0.029822,0.169488,0.0384923,0.0323166,0.0439206,0.0180795,0.0730719
N1,80,0.069457,0.00761235,0.0422367,0.0670018,0.0156818,0.0378453,0.0212873,0.0250116,0.0590077,0.0399214,0.0113233,0.0447869,0.028165,0.186571,0.048824,0.192031,0.0537107,0.0307655,0.00433232,0.0144275
N1,81,0.0348227,0.00795623,0.0152196,0.0214288,0.233611,0.0173728,0.0101408,0.208053,0.0208774,0.157763,0.0288646,0.0140754,0.0142796,0.0143487,0.0187801,0.0234632,0.0247227,0.0844027,0.0100571,0.0397608
N1,82,0.203289,0.00770158,0.0342204,0.061628,0.0153882,0.0412637,0.0144165,0.0272306,0.211589,0.041322,0.0121402,0.0336822,0.027469,0.04119,0.063472,0.0625801,0.047785,0.0360593,0.0042064,0.0133662
N1,83,0.0371761,0.0047188,0.0216545,0.0294283,0.0122208,0.0226031,0.00852617,0.0197689,0.0256883,0.0311114,0.00749069,0.0166693,0.635461,0.016797,0.0217459,0.0293405,0.0226791,0.0235934,0.00328158,0.010045
N1,84,0.259314,0.0117139,0.032648,0.0427427,0.0165983,0.0552447,0.0120156,0.0287501,0.0363848,0.0422902,0.0112407,0.0303769,0.0302273,0.0245545,0.0302873,0.223128,0.0563494,0.0381879,0.00429154,0.0136538
N1,85,0.0741411,0.00680432,0.0455721,0.0682151,0.0139191,0.241366,0.0189612,0.021827,0.0539587,0.0348178,0.00983941,0.0447804,0.023244,0.158691,0.0462072,0.0597295,0.0338484,0.0272662,0.00424324,0.0125684
N1,86,0.237381,0.0109001,0.0297112,0.0413507,0.0176393,0.0394978,0.0116477,0.0354397,0.0369261,0.0483638,0.0137621,0.0281002,0.027584,0.0245611,0.0299783,0.0895837,0.207304,0.0520139,0.00436369,0.0138913
N1,87,0.0495917,0.00598092,0.029292,0.0340405,0.012105,0.592125,0.00934446,0.0190289,0.0282496,0.0293077,0.00744784,0.0244756,0.0183504,0.0178644,0.0239678,0.0371831,0.02449,0.0232304,0.00359703,0.0103275
N1,88,0.0891355,0.00926062,0.165472,0.0916536,0.0195978,0.0354216,0.0145823,0.0459469,0.0391244,0.0558601,0.0154565,0.0433758,0.0250424,0.0298433,0.0296704,0.0540519,0.0612041,0.154479,0.00454222,0.0162798
N1,89,0.0348223,0.00795614,0.0152193,0.0214284,0.233612,0.0173724,0.0101407,0.208054,0.0208772,0.157764,0.0288648,0.0140752,0.0142794,0.0143485,0.0187798,0.0234628,0.0247224,0.0844023,0.0100572,0.039761
N1,90,0.45178,0.0108874,0.0284319,0.0401718,0.0171757,0.0493508,0.0108158,0.0323656,0.0332348,0.0461626,0.0120169,0.0240677,0.0286834,0.0224883,0.0277501,0.0599488,0.0418614,0.0450533,0.00431235,0.0134409
N1,91,0.0432561,0.00526727,0.200597,0.128785,0.0126266,0.0341686,0.0168072,0.0199003,0.19684,0.0311571,0.00834104,0.0679852,0.0219787,0.0432378,0.0534051,0.0435671,0.0325792,0.0240373,0.00358037,0.0118831
N1,92,0.0277127,0.00627961,0.0162181,0.0218976,0.0867994,0.0170576,0.0194665,0.0288445,0.0211503,0.0530292,0.0112771,0.0152099,0.0131394,0.0145038,0.0195795,0.0215414,0.0192118,0.02985,0.0196499,0.537582
N1,93,0.0432798,0.00617832,0.0659971,0.052652,0.0142086,0.0404297,0.0205432,0.0212705,0.0470419,0.0330178,0.00864442,0.434495,0.0203065,0.0284381,0.0355704,0.0494376,0.0349611,0.0254513,0.00388596,0.014191
N1,94,0.0277127,0.00627961,0.0162181,0.0218976,0.0867994,0.0170576,0.0194665,0.0288445,0.0211503,0.0530292,0.0112771,0.0152099,0.0131394,0.0145038,0.0195795,0.0215414,0.0192118,0.02985,0.0196499,0.537582
N1,95,0.0381011,0.00516934,0.0317168,0.0531096,0.0131938,0.0269981,0.0141103,0.0210485,0.473768,0.0333266,0.00885651,0.0293178,0.0200461,0.0372968,0.0913925,0.033448,0.0285021,0.0248172,0.0038115,0.0119695
N1,96,0.0336909,0.00661157,0.0151208,0.0216241,0.0423552,0.0171454,0.00856076,0.0784084,0.0212511,0.523224,0.0313966,0.0135483,0.0147228,0.0147567,0.0190616,0.0225368,0.0235364,0.0652314,0.00697183,0.0202457
N1,97,0.0371761,0.0047188,0.0216545,0.0294283,0.0122208,0.0226031,0.00852617,0.0197689,0.0256883,0.0311114,0.00749069,0.0166693,0.635461,0.016797,0.0217459,0.0293405,0.0226791,0.0235934,0.00328158,0.010045
N1,98,0.0598188,0.00688169,0.237637,0.0802816,0.0136333,0.0465065,0.0149733,0.0215102,0.0415943,0.033044,0.00872234,0.0691537,0.0260999,0.0297979,0.0317245,0.19138,0.0442757,0.0266219,0.0037308,0.0126127
N1,99,0.0379903,0.00489977,0.495996,0.0972208,0.0117579,0.0338524,0.0125474,0.0182093,0.0368166,0.0283341,0.00729927,0.0436935,0.0199117,0.026095,0.0278893,0.0354217,0.0260155,0.0219058,0.00327289,0.0108711
N1,100,0.0286713,0.00660758,0.0144378,0.0199892,0.507136,0.0162369,0.0111793,0.0413626,0.0193109,0.0846416,0.0159465,0.0132065,0.0129631,0.0131978,0.017522,0.0208285,0.0197474,0.0396286,0.0165043,0.0808819
N1,101,0.0597658,0.00938166,0.022576,0.0325925,0.0267918,0.0252108,0.0116064,0.0661098,0.0343256,0.0938656,0.170721,0.0230593,0.0203083,0.0244439,0.0284108,0.0464994,0.209199,0.0718459,0.00562171,0.0176646
N1,102,0.0495917,0.00598092,0.029292,0.0340405,0.012105,0.592125,0.00934446,0.0190289,0.0282496,0.0293077,0.00744784,0.0244756,0.0183504,0.0178644,0.0239678,0.0371831,0.02449,0.0232304,0.00359703,0.0103275
N1,103,0.0487309,0.517022,0.0203816,0.0272641,0.0228672,0.0279791,0.00994258,0.0330784,0.0254811,0.0501821,0.0118068,0.018671,0.0177017,0.0166495,0.0228056,0.0360248,0.0292891,0.0401207,0.00580514,0.0181963
N1,104,0.0700371,0.0105786,0.0222268,0.0318341,0.0234393,0.0256963,0.0104066,0.0809525,0.0305716,0.0762962,0.0210368,0.0212959,0.0212389,0.0202268,0.0256416,0.0455144,0.209831,0.232311,0.00496053,0.0159036
N1,105,0.0411883,0.00773093,0.0162041,0.0231868,0.0305907,0.0188017,0.00838608,0.27018,0.0223184,0.119415,0.0243298,0.0145292,0.0157565,0.0150169,0.0195431,0.0252406,0.0294915,0.275455,0.00555387,0.0170816
N1,106,0.243432,0.012376,0.0221253,0.0324695,0.0232876,0.0306956,0.0100382,0.0677952,0.0290364,0.0746103,0.0189462,0.0197934,0.0230908,0.0198191,0.0247115,0.0433335,0.0466832,0.237184,0.00496918,0.0156029
N1,107,0.0271159,0.00644455,0.0141521,0.0196231,0.25189,0.0164628,0.0114317,0.0327705,0.0192216,0.0689579,0.0138188,0.0128884,0.0124668,0.0130686,0.0183063,0.0202282,0.0184867,0.0327962,0.302155,0.0877144
N1,108,0.0566651,0.00796251,0.0479115,0.048926,0.0161124,0.0379668,0.0175849,0.0272409,0.048686,0.0399201,0.0111933,0.204294,0.0230473,0.0297181,0.0358301,0.0878926,0.206686,0.0334758,0.00417226,0.014714
N1,109,0.0566494,0.00796092,0.0479387,0.0489347,0.0161096,0.0379781,0.0175926,0.0272297,0.0486937,0.0399072,0.0111897,0.204535,0.0230446,0.0297218,0.0358342,0.0878816,0.206451,0.0334607,0.00417188,0.0147151
N1,110,0.0459847,0.00603618,0.0582026,0.0727395,0.0146657,0.0351233,0.0327621,0.0224251,0.0698228,0.0357437,0.00992386,0.198532,0.0219442,0.192082,0.0499596,0.0512234,0.0373914,0.0267356,0.00407871,0.0146234
N1,111,0.0737228,0.00682154,0.0780564,0.231215,0.0139235,0.0406598,0.0146047,0.022613,0.0525645,0.0347944,0.00937749,0.0450324,0.0272493,0.0438733,0.0367872,0.175126,0.0486284,0.028491,0.00383828,0.0126209
N1,112,0.0345331,0.00673399,0.0153963,0.0220519,0.0413082,0.0174712,0.00863593,0.0807563,0.0216224,0.514078,0.0312307,0.0137814,0.0149596,0.0151634,0.0193549,0.0229826,0.0241015,0.0691322,0.00680567,0.0199008
N1,113,0.0588451,0.00683204,0.210709,0.0852328,0.0143835,0.0376189,0.0149674,0.0242617,0.0441907,0.0362109,0.00991775,0.0676354,0.0246815,0.0312411,0.0321723,0.0797679,0.173811,0.0307433,0.00381654,0.0129612
N1,114,0.0875824,0.223748,0.0272425,0.0347368,0.0207771,0.0404714,0.0125966,0.031609,0.0321305,0.0473104,0.0122331,0.0290051,0.0233797,0.0212784,0.0290755,0.209701,0.0525955,0.0416874,0.00527223,0.0175675
N1,115,0.0559532,0.00774922,0.0537015,0.0521625,0.0149042,0.0449596,0.0185615,0.0231281,0.0726693,0.035526,0.00951049,0.219604,0.0237584,0.0312841,0.0415177,0.197169,0.0513866,0.0282088,0.00404668,0.0141997
N1,116,0.260689,0.0117233,0.0321533,0.0424982,0.0168594,0.0500703,0.0119744,0.0297108,0.0363726,0.0433854,0.0115395,0.0299514,0.0300565,0.0245464,0.0302305,0.221124,0.0595233,0.0395181,0.00431749,0.0137561
N1,117,0.0775208,0.00960978,0.0335855,0.0416649,0.0163534,0.0655666,0.012418,0.0290226,0.0384171,0.0419909,0.0115086,0.0362406,0.0257243,0.0246239,0.0314123,0.16374,0.285332,0.0374237,0.00429992,0.0135449
N1,118,0.0867058,0.00895585,0.0375012,0.0416012,0.0142153,0.297942,0.0118874,0.0225722,0.0352788,0.0344515,0.009036,0.0388902,0.0243036,0.0227269,0.0298579,0.200073,0.0392462,0.0284485,0.00409743,0.0122091
N1,119,0.0504644,0.00613331,0.0331322,0.036697,0.0124653,0.562945,0.0102978,0.0194743,0.0304899,0.0300223,0.00767245,0.0323273,0.0188697,0.0192047,0.0256182,0.0399458,0.0259775,0.0237793,0.00367269,0.0108107
N1,120,0.0458154,0.00560934,0.128088,0.228955,0.0134429,0.0367316,0.0185133,0.0206747,0.0599328,0.0321993,0.00855282,0.172265,0.021307,0.0456075,0.0373817,0.0480736,0.0345028,0.0250604,0.00373536,0.0135508
N1,121,0.190797,0.00973419,0.0521612,0.0539366,0.0160799,0.0599892,0.0176214,0.0266557,0.0470823,0.0396511,0.01109,0.163264,0.0258577,0.0315817,0.0351083,0.109533,0.0563136,0.0346525,0.00418298,0.0147086
N1,122,0.0544653,0.012774,0.0208431,0.0286476,0.188243,0.0235592,0.0173033,0.0623217,0.0285858,0.0989359,0.0292862,0.0229825,0.0191294,0.0202025,0.0255975,0.0538876,0.159953,0.0688876,0.0103722,0.0540225
N1,123,0.189195,0.0161099,0.0218058,0.0304836,0.159241,0.029334,0.0189673,0.0497264,0.0282924,0.0889522,0.0221407,0.0219191,0.0210064,0.0209385,0.0258379,0.0500783,0.0366596,0.064446,0.0110311,0.0938348
N1,124,0.0264489,0.00618304,0.0148592,0.0203991,0.0827707,0.0167624,0.0149093,0.027555,0.0199986,0.0528728,0.0112606,0.0136571,0.0124778,0.0136299,0.0194727,0.0203993,0.0181181,0.0285255,0.311933,0.267767
N1,125,0.0445076,0.0056367,0.183423,0.101854,0.0130554,0.0364143,0.0242876,0.0202116,0.0918526,0.0320241,0.00856559,0.0627651,0.0224593,0.0490446,0.181664,0.0482287,0.0328175,0.024407,0.00393022,0.012851
N1,126,0.0460892,0.00686059,0.0251009,0.0412656,0.0225329,0.0251158,0.0150413,0.0408264,0.231858,0.0930437,0.0205135,0.0263508,0.0205484,0.0370485,0.20163,0.0436644,0.0356464,0.0437292,0.00576807,0.0173659
N1,127,0.0644987,0.0161246,0.0228655,0.0303448,0.211113,0.0288184,0.019424,0.0438448,0.0293333,0.0804684,0.0199896,0.0261391,0.0215382,0.0212146,0.0268109,0.173442,0.0458123,0.0502232,0.0111462,0.0568483
N1,128,0.0390377,0.0061336,0.0313112,0.0453078,0.0182305,0.0277144,0.198962,0.022931,0.0773342,0.0383392,0.00989677,0.0363115,0.0205521,0.0503986,0.256276,0.0363904,0.0290568,0.0265253,0.00590497,0.0233857
N1,129,0.0336418,0.00699984,0.0228433,0.0299146,0.0562736,0.0215434,0.21586,0.0277322,0.0299781,0.0496988,0.0114798,0.0249441,0.0163581,0.0228223,0.0296736,0.0284179,0.0239241,0.03009,0.013429,0.304376
N1,130,0.0707718,0.00612047,0.0793245,0.216887,0.0125941,0.241584,0.0127614,0.0201051,0.0453163,0.0311083,0.00828481,0.0389237,0.0222958,0.0339243,0.0333661,0.0550919,0.0313023,0.0253193,0.00369599,0.0112232
N1,131,0.0636381,0.00724487,0.0382072,0.0574451,0.0147081,0.0380857,0.0161226,0.0240106,0.219001,0.0372182,0.0103979,0.0500206,0.0266381,0.0412057,0.0702023,0.181918,0.0569098,0.0295465,0.00412474,0.0133556
N1,132,0.0372357,0.00705532,0.0155413,0.0221728,0.0318865,0.0178346,0.00817152,0.425824,0.0215043,0.128759,0.0256828,0.0139521,0.0149327,0.0144591,0.0188886,0.0238091,0.0271579,0.12228,0.00558779,0.0172644
N1,133,0.04286,0.00516991,0.054303,0.261352,0.0127828,0.0295735,0.014519,0.020553,0.240859,0.0322881,0.0086782,0.033939,0.0214791,0.0546714,0.0596277,0.0368732,0.030335,0.0248084,0.00363891,0.0116889
N1,134,0.0537573,0.00604167,0.0297893,0.046213,0.0141259,0.0295007,0.0176939,0.0228862,0.0764914,0.0376432,0.00954957,0.0263676,0.258698,0.0389704,0.203694,0.0491002,0.0343709,0.0282117,0.00423081,0.0126644
N1,135,0.0277312,0.00628785,0.01619,0.0218683,0.0881464,0.0170456,0.0193766,0.0289931,0.0211235,0.0533603,0.0113314,0.0151831,0.0131379,0.0144869,0.0195509,0.0215358,0.0192237,0.0299746,0.01963,0.535823
N1,136,0.0436253,0.00526836,0.0585911,0.291397,0.0133425,0.0294409,0.0165522,0.0211638,0.0617327,0.033708,0.00903067,0.0315486,0.0219761,0.211874,0.0432357,0.0366225,0.0294073,0.0254446,0.00376118,0.0122779
N1,137,0.0494379,0.00801186,0.0236885,0.0379844,0.0242641,0.0255617,0.017548,0.0444234,0.0782194,0.0880768,0.148085,0.02478,0.0199125,0.0446266,0.214829,0.0374355,0.0401354,0.0468621,0.00694347,0.0191744
N1,138,0.0478375,0.00846647,0.162965,0.0699752,0.0332907,0.0419364,0.0300899,0.026941,0.037218,0.0486754,0.0128016,0.0418212,0.0203785,0.0317747,0.0383583,0.0494016,0.0322665,0.0317185,0.184601,0.0494822
N1,139,0.0855574,0.0135106,0.0232866,0.0328085,0.0291743,0.0285181,0.0120104,0.145673,0.0325735,0.107262,0.0261843,0.0269184,0.0236497,0.0226529,0.0280798,0.145719,0.092732,0.0996807,0.00554576,0.0184639
N1,140,0.078037,0.0104167,0.0359392,0.0429869,0.0159317,0.0464317,0.0129996,0.025836,0.0382508,0.0388924,0.0102451,0.0378822,0.0294277,0.0250255,0.0319221,0.408258,0.0610767,0.0324611,0.00423599,0.0137434
N1,141,0.0458291,0.00558671,0.128649,0.229303,0.0131667,0.0368747,0.0183096,0.0205587,0.0600765,0.0319565,0.00849973,0.172927,0.0213378,0.0456179,0.0374071,0.0481574,0.0345357,0.0249471,0.00365621,0.0126039
N1,142,0.0725504,0.0114128,0.0819685,0.047085,0.0227216,0.0346661,0.0171644,0.0606651,0.0429872,0.0633559,0.0185263,0.15811,0.0218817,0.028339,0.0325618,0.0588901,0.074218,0.129121,0.00494499,0.0188304
N1,143,0.0409066,0.00789094,0.0160815,0.0231096,0.036165,0.0185958,0.00863688,0.142551,0.0224168,0.283721,0.0311217,0.0144419,0.0158883,0.0154294,0.0198445,0.0249646,0.0281938,0.225568,0.00608636,0.0183867
N1,144,0.0277327,0.00628792,0.0161745,0.0218505,0.0875583,0.0170363,0.0193717,0.029033,0.0211084,0.0534167,0.0113411,0.0151723,0.0131349,0.0144783,0.0195367,0.0215293,0.0192249,0.0300112,0.019609,0.536392
N1,145,0.0434124,0.00619669,0.0658259,0.0526328,0.0142249,0.040462,0.0205242,0.0213071,0.047043,0.0330703,0.00865895,0.433741,0.0203567,0.0285029,0.0355845,0.049792,0.0350803,0.0254998,0.0038897,0.0141946
N1,146,0.107138,0.148787,0.025841,0.0344411,0.0198713,0.0338337,0.0131415,0.0309759,0.0315059,0.04975,0.0119343,0.0237038,0.215497,0.02185,0.0294828,0.0893916,0.045176,0.0464206,0.00498483,0.0162732
N1,147,0.165651,0.00691182,0.0660287,0.238986,0.0140611,0.0594126,0.0134201,0.023631,0.048699,0.0359961,0.00975813,0.0357076,0.0267827,0.04044,0.034816,0.090454,0.0418466,0.0311302,0.00385284,0.0124137
N1,148,0.0967872,0.0121201,0.0253528,0.0345055,0.0305553,0.198917,0.0133928,0.0473603,0.0329408,0.198771,0.0276241,0.0268841,0.0220294,0.0252386,0.0309502,0.0522315,0.038297,0.0605801,0.00739263,0.0180696
N1,149,0.0699934,0.00675329,0.0445934,0.0662824,0.0139436,0.166077,0.0183722,0.0218968,0.0557275,0.0348759,0.00977361,0.0423433,0.0230974,0.245734,0.0455085,0.0566053,0.0343396,0.0272772,0.00422187,0.012584
N1,150,0.0660279,0.0066619,0.0620117,0.230991,0.014634,0.0331855,0.0139742,0.02603,0.0558654,0.0385288,0.0109961,0.0381208,0.028514,0.044275,0.036581,0.0638837,0.17862,0.0343676,0.00390789,0.012824
N1,151,0.0701913,0.211672,0.0193013,0.0269343,0.0300511,0.0254003,0.00989846,0.0714059,0.0255452,0.082213,0.019242,0.0181363,0.0182702,0.0171225,0.0229225,0.0382831,0.0398782,0.228171,0.00599747,0.0193639
N1,152,0.0864111,0.00887848,0.0373248,0.0412898,0.0140149,0.305076,0.011779,0.0222579,0.0349627,0.0339671,0.0089233,0.0387154,0.0240271,0.0225158,0.0295965,0.197327,0.0387334,0.0281047,0.00405106,0.0120444
N1,153,0.191056,0.0119705,0.0385328,0.0499565,0.021522,0.0840972,0.0147408,0.0351702,0.0432533,0.0531305,0.0140953,0.0364247,0.0335924,0.0290598,0.0365693,0.180162,0.0556935,0.0474959,0.00574596,0.017731
N1,154,0.0603138,0.00975611,0.0221505,0.0324832,0.0351358,0.0258852,0.0111882,0.246495,0.0311136,0.120489,0.0266103,0.0201319,0.0220645,0.0208568,0.0269621,0.0344111,0.0404149,0.185943,0.00677915,0.0208164
N1,155,0.0672278,0.00608337,0.0486357,0.164603,0.0138074,0.0316882,0.0126257,0.0233585,0.04265,0.0362842,0.00915726,0.0265127,0.283467,0.0348043,0.0316844,0.0833383,0.0370234,0.0315851,0.00370038,0.0117639
N1,156,0.0738841,0.00679768,0.0455156,0.0681989,0.0139349,0.237888,0.0189594,0.0218501,0.0539809,0.0348605,0.00984496,0.0446485,0.023242,0.162703,0.0462141,0.0595358,0.0338334,0.0272805,0.00424464,0.0125832
N1,157,0.0496653,0.00746663,0.0240584,0.0419025,0.0298426,0.0235731,0.0188245,0.0517812,0.0428084,0.259738,0.0369412,0.0225105,0.0212028,0.177604,0.0399271,0.0348914,0.0354729,0.0539077,0.00653671,0.0213458
N1,158,0.0477852,0.0111635,0.0303368,0.0344556,0.181349,0.0301411,0.0403132,0.0402854,0.0345026,0.0714649,0.0195191,0.149383,0.0187055,0.024736,0.0301091,0.055323,0.0391926,0.042677,0.0102263,0.0883311
N1,159,0.0671978,0.181889,0.0383527,0.0405078,0.0202962,0.044598,0.0203301,0.0293558,0.0383886,0.0443475,0.0120331,0.17677,0.0209379,0.0250641,0.0343053,0.0912283,0.0505353,0.0376259,0.00516476,0.0210721
N1,160,0.0394207,0.00868435,0.0243581,0.0353933,0.0428923,0.0239402,0.0596245,0.0296257,0.0571375,0.0542003,0.0135931,0.0289741,0.0181162,0.0333882,0.204333,0.0353707,0.0289628,0.0327684,0.0157978,0.213419
N1,161,0.0562003,0.00732894,0.032361,0.0977663,0.0279302,0.0266147,0.015357,0.0439451,0.150288,0.0781638,0.146791,0.0276884,0.0207151,0.0520833,0.0497105,0.0390436,0.0440522,0.0489278,0.00603944,0.0289939
N1,162,0.0371761,0.0047188,0.0216545,0.0294284,0.0122208,0.0226031,0.00852618,0.0197689,0.0256884,0.0311115,0.0074907,0.0166693,0.635461,0.016797,0.0217459,0.0293405,0.0226791,0.0235934,0.00328159,0.010045
N1,163,0.0470251,0.00823766,0.021789,0.0345456,0.0286149,0.0236839,0.0178192,0.0515567,0.060094,0.241572,0.0295767,0.0220079,0.0203726,0.0374539,0.204899,0.0345954,0.0348979,0.052375,0.00778987,0.021094
N1,164,0.0507101,0.00631379,0.0514582,0.0608842,0.0142899,0.0374407,0.0220117,0.0223036,0.13908,0.0347891,0.0094599,0.2718,0.0217389,0.0546151,0.0599842,0.0596503,0.038812,0.026864,0.00398565,0.013808
N1,165,0.0875798,0.223747,0.0272432,0.0347375,0.0207768,0.0404708,0.0125968,0.0316083,0.0321312,0.0473093,0.0122329,0.0290057,0.0233804,0.0212788,0.029076,0.209702,0.0525969,0.0416865,0.00527215,0.0175674
N1,166,0.0277127,0.00627961,0.0162181,0.0218976,0.0867994,0.0170576,0.0194665,0.0288445,0.0211503,0.0530292,0.0112771,0.0152099,0.0131394,0.0145038,0.0195795,0.0215414,0.0192118,0.02985,0.0196499,0.537582
N1,167,0.144777,0.0134525,0.0271447,0.0364404,0.0205443,0.213278,0.0110744,0.0457678,0.0319256,0.0580408,0.0160531,0.0266987,0.0219753,0.0212642,0.0274574,0.0540134,0.0452289,0.164999,0.00516206,0.0147021
N1,168,0.0448115,0.0106331,0.0216939,0.0323988,0.171086,0.0241621,0.0352399,0.0417122,0.0506472,0.0958303,0.0234196,0.0240908,0.0188524,0.0298447,0.169756,0.0385011,0.0323237,0.0439044,0.0180736,0.0730187
N1,169,0.075282,0.00998676,0.0330782,0.0417524,0.0169197,0.037684,0.0135045,0.0299246,0.0391324,0.04328,0.0118045,0.0367004,0.0271374,0.0253353,0.0320022,0.232517,0.237262,0.038231,0.00432835,0.0141373
N1,170,0.0597637,0.00641744,0.0560073,0.0515555,0.0142174,0.0379819,0.0211314,0.0226164,0.0484661,0.0354675,0.00916284,0.155603,0.239762,0.0327559,0.0355189,0.0839914,0.0444798,0.0281371,0.00380004,0.0131644
N1,171,0.0566916,0.00796333,0.0480952,0.0490018,0.0160663,0.0382168,0.0176071,0.0271083,0.0486751,0.0397517,0.0111463,0.204789,0.0230962,0.0297251,0.035843,0.0884645,0.205569,0.0333244,0.00416655,0.0146978
N1,172,0.0913785,0.0114741,0.0331134,0.0413915,0.0177625,0.040323,0.0127131,0.0344109,0.0378307,0.0466513,0.0126032,0.0399668,0.027609,0.0247677,0.031228,0.315967,0.10363,0.0584129,0.00440652,0.0143605
N1,173,0.057195,0.00694017,0.0550816,0.0467049,0.0134097,0.296468,0.0150243,0.0206255,0.0399267,0.0318139,0.008383,0.194467,0.0206196,0.0247215,0.0319586,0.0619744,0.033081,0.0254198,0.00388594,0.0122997
N1,174,0.0889269,0.00925258,0.16516,0.0913616,0.0197383,0.0352335,0.0145968,0.0463762,0.039068,0.0563143,0.0155728,0.0433478,0.0249605,0.0298243,0.029638,0.0539199,0.0611927,0.15458,0.00456581,0.0163694
N1,175,0.0680595,0.0136739,0.0318194,0.0358866,0.0495039,0.204231,0.0372832,0.0286446,0.0329595,0.0490279,0.0127652,0.0439862,0.0192795,0.0239357,0.0323675,0.0577973,0.0316442,0.0348339,0.0155658,0.176735
N1,176,0.0264619,0.00618792,0.0148341,0.0203709,0.0832555,0.0167485,0.0148613,0.0276755,0.0199727,0.0531446,0.0113052,0.013636,0.0124752,0.0136142,0.0194434,0.0203916,0.0181261,0.0286286,0.31177,0.267096
N1,177,0.0420349,0.00552359,0.0381445,0.0746654,0.0147281,0.0279296,0.0213526,0.0229326,0.06385,0.0377157,0.0102209,0.0297769,0.0220158,0.425026,0.0534542,0.0360164,0.0297615,0.026955,0.00417628,0.0137196
N1,178,0.0371762,0.0047188,0.0216545,0.0294284,0.0122208,0.0226031,0.00852618,0.019769,0.0256884,0.0311115,0.0074907,0.0166693,0.635461,0.016797,0.0217459,0.0293405,0.0226791,0.0235934,0.00328159,0.010045
N1,179,0.0368838,0.00907583,0.0176507,0.0247674,0.119246,0.01908,0.0199032,0.054106,0.0251983,0.115128,0.143237,0.0179368,0.0151012,0.019182,0.0236052,0.0270334,0.0272233,0.0501234,0.0160969,0.219421
N1,180,0.0613697,0.00851497,0.0337943,0.0486985,0.015344,0.0384412,0.0194474,0.0242828,0.0844311,0.0384266,0.010488,0.0405453,0.0261612,0.040637,0.225826,0.185062,0.0498035,0.0296758,0.00468608,0.0143651
N1,181,0.243668,0.0123772,0.0221311,0.0324769,0.0232829,0.0307103,0.0100397,0.0677469,0.029041,0.0745833,0.0189424,0.0197979,0.0230966,0.0198228,0.0247151,0.0433541,0.0466851,0.236957,0.00496918,0.0156025
N1,182,0.046558,0.00838435,0.0171986,0.0249106,0.0332832,0.0199405,0.00902335,0.129121,0.024438,0.144129,0.16135,0.0155776,0.0163975,0.0168993,0.0213059,0.0272334,0.0342167,0.226097,0.00594503,0.0179912
N1,183,0.243668,0.0123772,0.0221311,0.0324769,0.0232829,0.0307103,0.0100397,0.0677469,0.029041,0.0745833,0.0189424,0.0197979,0.0230966,0.0198228,0.0247151,0.0433541,0.0466851,0.236957,0.00496918,0.0156025
N1,184,0.0359133,0.00696645,0.0153509,0.0219573,0.0383694,0.0175193,0.00840252,0.241104,0.0214826,0.325836,0.0333974,0.0138002,0.0148981,0.0147009,0.0190746,0.0233102,0.0256784,0.0971799,0.0062351,0.0188226
N1,185,0.0755109,0.0100036,0.0329088,0.0416418,0.0168667,0.0376304,0.0126755,0.0300335,0.0390154,0.0433653,0.0118324,0.036045,0.0271548,0.0251694,0.0318383,0.232571,0.239053,0.0383927,0.00430968,0.013982
N1,186,0.0323638,0.00729028,0.0149372,0.0210377,0.258732,0.0169269,0.0103702,0.066206,0.020573,0.307092,0.0280458,0.0136867,0.0140587,0.0143181,0.0186784,0.022428,0.022407,0.056226,0.0118055,0.0428163
N1,187,0.0428568,0.0051701,0.0542696,0.261082,0.0127834,0.0295721,0.0145205,0.0205541,0.241117,0.0322903,0.00867902,0.0339433,0.0214787,0.0546683,0.0596665,0.0368739,0.0303374,0.0248089,0.00363912,0.0116894
N1,188,0.0597912,0.00759864,0.0210635,0.0311109,0.0274833,0.0232502,0.0119329,0.051603,0.0301032,0.236455,0.0215085,0.0185427,0.252294,0.0235646,0.0268347,0.0387523,0.0356034,0.0598925,0.00557834,0.0170374
N1,189,0.0570674,0.00976635,0.0206094,0.0298718,0.0318131,0.0232247,0.0115249,0.0853714,0.0306657,0.242542,0.0412825,0.0205385,0.0206112,0.0226013,0.0267913,0.043084,0.168584,0.0890553,0.00602122,0.0189737
N1,190,0.0434221,0.00628725,0.0433145,0.0532447,0.0143735,0.0355934,0.0297146,0.0218863,0.109185,0.0347139,0.00939149,0.180624,0.0209365,0.0439624,0.22208,0.0502693,0.0360827,0.0259939,0.0043198,0.0146053
N1,191,0.237139,0.0108984,0.0297118,0.0413485,0.0176396,0.0394832,0.0116486,0.0354434,0.0369301,0.0483654,0.0137634,0.0281063,0.0275802,0.0245619,0.0299804,0.0895913,0.207539,0.0520132,0.00436371,0.0138918
N1,192,0.0757577,0.00726202,0.031766,0.0407773,0.0145732,0.0349483,0.0121566,0.0239959,0.035653,0.0373209,0.00939684,0.026947,0.310265,0.0244308,0.029699,0.193181,0.0453415,0.0304078,0.00386606,0.0122543
N1,193,0.45178,0.0108874,0.0284319,0.0401718,0.0171757,0.0493508,0.0108158,0.0323656,0.0332348,0.0461626,0.0120169,0.0240677,0.0286834,0.0224883,0.0277501,0.0599488,0.0418614,0.0450533,0.00431235,0.0134409
N1,194,0.0615362,0.00873563,0.0291178,0.0387757,0.0176082,0.0309188,0.0118086,0.035446,0.0375582,0.0481401,0.0133149,0.0295235,0.0240755,0.0236616,0.0303871,0.0672479,0.429012,0.0448221,0.00433768,0.013972
N1,195,0.0471068,0.00858487,0.0170719,0.024469,0.0277686,0.0201771,0.00850302,0.119334,0.0231791,0.100491,0.0213716,0.0152157,0.0167498,0.0155316,0.0201538,0.0271448,0.0318407,0.433783,0.00525772,0.0162646
