Ancestral Node,Pos,A,C,D,E,F,G,H,I,K,L,M,N,P,Q,R,S,T,V,W,Y
N1,1,0.0450852,0.00617287,0.263591,0.0754564,0.0153998,0.0405647,0.017331,0.0233689,0.0447704,0.0365128,0.00927209,0.210172,0.0227213,0.0298826,0.033977,0.0464991,0.0329903,0.0276827,0.00428648,0.0142637
N1,2,0.0490829,0.00873653,0.0203313,0.0289754,0.0339647,0.0232183,0.010211,0.120601,0.0279366,0.137728,0.152808,0.0178917,0.0188275,0.018957,0.0243363,0.0301625,0.0355995,0.214588,0.00653157,0.0195124
N1,3,0.07452,0.0101279,0.0345465,0.0441771,0.0191035,0.0391712,0.0134709,0.0327713,0.0410912,0.0482417,0.0127535,0.0360573,0.0285156,0.0264013,0.0338672,0.219295,0.224298,0.0408481,0.00499057,0.0157524
N1,4,0.183621,0.00990384,0.0515312,0.0549252,0.0183734,0.0589664,0.0178567,0.0297208,0.0482741,0.0448451,0.0120867,0.156253,0.0273589,0.0320882,0.0367905,0.103465,0.0551896,0.0374954,0.00487194,0.0163839
N1,5,0.0680889,0.00808183,0.0381058,0.171594,0.0237991,0.0292308,0.0139852,0.149982,0.0475499,0.0815316,0.0239128,0.0280325,0.0240256,0.0380317,0.0343795,0.0414595,0.0509079,0.103445,0.00557071,0.0182861
N1,6,0.050965,0.473227,0.0233298,0.0312768,0.0245668,0.0305153,0.0110446,0.0356363,0.0290147,0.0545904,0.0127915,0.0207179,0.0200801,0.0188211,0.0257741,0.0379421,0.0312394,0.0425181,0.00637253,0.0195761
N1,7,0.0410077,0.00546857,0.0246314,0.0334102,0.0148405,0.0258869,0.00979603,0.0235278,0.0293353,0.0371046,0.00886831,0.0190459,0.581481,0.0190308,0.0249398,0.0322733,0.0254986,0.0276622,0.00403396,0.012157
N1,8,0.0331908,0.00717732,0.0177385,0.0244285,0.467818,0.0197774,0.0121397,0.0433859,0.0232612,0.0857626,0.0165766,0.0157141,0.0156619,0.0156187,0.0208892,0.0243986,0.0227716,0.0424784,0.0160758,0.0751357
N1,9,0.0470381,0.00603161,0.20363,0.143632,0.0156716,0.0354533,0.0211573,0.0240668,0.0547369,0.0381448,0.00988483,0.0519285,0.0243865,0.159059,0.0407165,0.0442466,0.0329297,0.0285001,0.00440858,0.0143776
N1,10,0.069291,0.00801908,0.042814,0.0665676,0.0179917,0.0393584,0.0210571,0.0282376,0.0587523,0.0450219,0.0122746,0.0438264,0.0293994,0.177141,0.0488736,0.183464,0.0527575,0.0340425,0.00499813,0.0161118
N1,11,0.0440865,0.00831341,0.0192824,0.0273128,0.0367752,0.0219666,0.00987097,0.124522,0.0261049,0.278583,0.0301775,0.0168529,0.0183518,0.0176491,0.0230151,0.0281236,0.0302367,0.212134,0.00669393,0.0199484
N1,12,0.0386615,0.00836129,0.0184694,0.0257563,0.218849,0.0208304,0.0112016,0.198204,0.0246859,0.15005,0.027937,0.0165014,0.0168695,0.0166538,0.0220257,0.0267612,0.0271837,0.081857,0.0102633,0.0388775
N1,13,0.0463615,0.00676382,0.0635868,0.0541141,0.0166459,0.0417306,0.0203437,0.0248588,0.0482651,0.0388038,0.00989572,0.403649,0.0224917,0.0293477,0.037275,0.049823,0.0362679,0.0293011,0.00459281,0.0158819
N1,14,0.0700963,0.00871136,0.0283459,0.0486607,0.022695,0.029842,0.0142165,0.0619061,0.182903,0.0720627,0.0215787,0.0280676,0.0243852,0.0343998,0.0557643,0.0431256,0.0566366,0.173239,0.00561397,0.0177499
N1,15,0.0622382,0.00902323,0.0311803,0.0416092,0.0198052,0.0332333,0.0127077,0.0375783,0.0397727,0.0525659,0.0140684,0.0303039,0.0257883,0.0250592,0.0325726,0.0652059,0.399976,0.0465183,0.0050245,0.0157692
N1,16,0.0624395,0.00770078,0.0382421,0.0638083,0.0187805,0.0334288,0.0193134,0.0321733,0.0616465,0.0500135,0.0152259,0.0383562,0.0268892,0.175143,0.0476376,0.0650896,0.183541,0.039277,0.00505471,0.016239
N1,17,0.0386615,0.00836129,0.0184694,0.0257563,0.218849,0.0208304,0.0112016,0.198204,0.0246859,0.15005,0.027937,0.0165014,0.0168695,0.0166538,0.0220257,0.0267612,0.0271837,0.081857,0.0102633,0.0388775
N1,18,0.0410077,0.00546857,0.0246314,0.0334102,0.0148405,0.0258869,0.00979603,0.0235278,0.0293353,0.0371046,0.00886831,0.0190459,0.581481,0.0190308,0.0249398,0.0322733,0.0254986,0.0276622,0.00403396,0.012157
N1,19,0.0766788,0.0104777,0.0372411,0.0454087,0.0182347,0.0469253,0.013756,0.0290149,0.0404508,0.0441889,0.0113396,0.0376646,0.0305303,0.0262872,0.0339599,0.382755,0.0590673,0.0355851,0.00491669,0.0155178
N1,20,0.0841163,0.00873653,0.0254191,0.036948,0.0226058,0.0284978,0.0116641,0.0549692,0.033445,0.0722212,0.0161651,0.0214243,0.239014,0.0229485,0.0284317,0.0449644,0.0457854,0.181159,0.00525261,0.0162315
N1,21,0.180911,0.016212,0.0271033,0.0371556,0.0614286,0.0328102,0.0270942,0.0410042,0.0340138,0.0685909,0.0172978,0.0275312,0.0232909,0.0252808,0.0314362,0.0548663,0.0384763,0.0515028,0.0122161,0.191778
N1,22,0.183514,0.015281,0.0234608,0.0327164,0.189914,0.0311214,0.0157299,0.0539128,0.0303593,0.0966091,0.0237678,0.0219299,0.0227542,0.0214323,0.0271712,0.048526,0.0373454,0.0689583,0.0106479,0.0448484
N1,23,0.0275546,0.00533089,0.0163455,0.0224118,0.0335089,0.0185299,0.009508,0.0262752,0.0213412,0.0463179,0.0101054,0.0139558,0.01387,0.0139027,0.0196415,0.0209797,0.0187052,0.027902,0.601998,0.0318156
N1,24,0.0471506,0.00607682,0.0493455,0.208284,0.0157115,0.0327172,0.018097,0.0244809,0.112509,0.0389858,0.0101539,0.0334556,0.0237629,0.0647102,0.193661,0.0403914,0.0324635,0.0290687,0.00468154,0.014293
N1,25,0.0402953,0.00604652,0.029607,0.0448795,0.016359,0.0290694,0.0165756,0.0248514,0.0922619,0.0399962,0.0101195,0.0266139,0.0215447,0.0345875,0.455324,0.0343863,0.0288277,0.028711,0.00514826,0.0147957
N1,26,0.0648459,0.011851,0.0281891,0.040324,0.0392206,0.0289953,0.138153,0.0640469,0.0400916,0.0871437,0.0216078,0.031589,0.0240343,0.0354682,0.0392137,0.0430239,0.0492147,0.166271,0.00764379,0.0390728
N1,27,0.0428024,0.0089825,0.0268571,0.0384839,0.0422543,0.0268761,0.0549054,0.032518,0.0569437,0.0580256,0.0143493,0.0298051,0.020388,0.0335785,0.193952,0.0374091,0.0309705,0.0359913,0.0152439,0.199663
N1,28,0.0445803,0.00818543,0.0194674,0.0274697,0.0310278,0.0222703,0.00960343,0.255096,0.0260528,0.112619,0.0236099,0.0169836,0.0182722,0.0172674,0.0227373,0.0285098,0.0316362,0.260094,0.00606782,0.0184497
N1,29,0.0622105,0.00881926,0.035407,0.0504812,0.0176867,0.0398981,0.0194385,0.0275818,0.0810893,0.0436831,0.0115364,0.0401031,0.027639,0.0400525,0.212914,0.17767,0.0493499,0.0330744,0.00531097,0.0160542
N1,30,0.0450817,0.00617134,0.263999,0.0755122,0.0153963,0.0405591,0.017323,0.0233647,0.0447575,0.0365063,0.00927045,0.209799,0.0227223,0.0298799,0.0339672,0.0464848,0.0329806,0.0276785,0.00428566,0.0142599
N1,31,0.050965,0.473227,0.0233298,0.0312768,0.0245668,0.0305153,0.0110446,0.0356363,0.0290147,0.0545904,0.0127915,0.0207179,0.0200801,0.0188211,0.0257741,0.0379421,0.0312394,0.0425181,0.00637253,0.0195761
N1,32,0.0751395,0.0119869,0.0373509,0.0456765,0.0248053,0.0364673,0.0176441,0.0645547,0.0448481,0.067703,0.0195564,0.14152,0.0238757,0.02918,0.0345895,0.0596528,0.0780343,0.161322,0.00562508,0.0204676
N1,33,0.0588995,0.0146232,0.0297949,0.0374363,0.0556996,0.0318267,0.0343818,0.0355385,0.0358295,0.0599712,0.0148616,0.0381963,0.023267,0.0260484,0.0335985,0.16767,0.0440898,0.0408664,0.0120156,0.205385
N1,34,0.0417096,0.00562453,0.458874,0.0933331,0.0143696,0.0360264,0.0133983,0.022024,0.0394136,0.0344437,0.00866856,0.0429328,0.0221703,0.0273706,0.030565,0.0376683,0.0284609,0.0260472,0.00401685,0.012882
N1,35,0.0405207,0.00960167,0.0198623,0.0276075,0.109164,0.0217249,0.0164174,0.171466,0.0268342,0.115371,0.0248871,0.0188833,0.0174394,0.0185001,0.0244582,0.0289181,0.0296748,0.0758133,0.0129491,0.189906
N1,36,0.07452,0.0101279,0.0345465,0.0441771,0.0191035,0.0391713,0.0134709,0.0327713,0.0410912,0.0482417,0.0127535,0.0360573,0.0285156,0.0264013,0.0338672,0.219301,0.224292,0.0408481,0.00499057,0.0157524
N1,37,0.0495343,0.00891007,0.0202226,0.0285896,0.0291025,0.0234421,0.00974949,0.111465,0.0268279,0.0993809,0.0212934,0.0175767,0.0191518,0.0177564,0.0233187,0.0300985,0.0334851,0.406213,0.00591276,0.017969
N1,38,0.0364916,0.00777636,0.018207,0.0253958,0.240792,0.0204193,0.0114022,0.0652324,0.024408,0.289836,0.0272058,0.0161508,0.0166654,0.0166203,0.0219292,0.0258385,0.0251454,0.0571016,0.011818,0.0415648
N1,39,0.0537794,0.0126282,0.0271215,0.0359369,0.0577579,0.0275027,0.0308617,0.043453,0.0358514,0.0689109,0.0186631,0.03361,0.021545,0.0255721,0.0327035,0.0578384,0.160614,0.0500521,0.0116837,0.193915
N1,40,0.0450852,0.00617287,0.263591,0.0754564,0.0153998,0.0405647,0.017331,0.0233689,0.0447704,0.0365128,0.00927209,0.210172,0.0227213,0.0298826,0.033977,0.0464991,0.0329903,0.0276827,0.00428648,0.0142637
N1,41,0.060094,0.00857317,0.0536246,0.0517441,0.0175634,0.0480011,0.0182373,0.0269548,0.0471142,0.0415708,0.0107634,0.208134,0.0262511,0.0299004,0.0372789,0.207645,0.0532809,0.0323933,0.00478008,0.016096
N1,42,0.246576,0.0116868,0.0342096,0.0451519,0.0189363,0.0511272,0.0128973,0.031818,0.0388081,0.0475188,0.0122939,0.0309529,0.0313725,0.0259019,0.0325136,0.211495,0.0553458,0.0409091,0.00498131,0.0155045
N1,43,0.320574,0.0122041,0.0355617,0.0516565,0.0239911,0.0533214,0.0141577,0.0413577,0.0429094,0.061788,0.0161104,0.0293176,0.0345253,0.0290978,0.0360674,0.0658541,0.0482549,0.0580766,0.00628203,0.0188924
N1,44,0.0608624,0.00737909,0.223077,0.0783068,0.0161144,0.0470773,0.0155072,0.0250658,0.0434885,0.0388103,0.00996084,0.0653694,0.0276158,0.0305397,0.0338617,0.183245,0.0444793,0.0303252,0.00444555,0.0144681
N1,45,0.0436249,0.010131,0.0191698,0.0267591,0.207006,0.021901,0.0116472,0.0994728,0.0254816,0.134074,0.0260068,0.0171768,0.0177008,0.0172518,0.0227154,0.0286201,0.0293787,0.192476,0.0102123,0.0391943
N1,46,0.0588993,0.0146232,0.0297949,0.0374363,0.0556996,0.0318267,0.0343818,0.0355385,0.0358295,0.0599712,0.0148616,0.0381963,0.023267,0.0260484,0.0335986,0.16767,0.0440898,0.0408664,0.0120156,0.205385
N1,47,0.07452,0.0101279,0.0345465,0.0441771,0.0191035,0.0391712,0.0134709,0.0327713,0.0410912,0.0482417,0.0127535,0.0360573,0.0285156,0.0264013,0.0338672,0.219295,0.224298,0.0408481,0.00499057,0.0157524
N1,48,0.0364866,0.00777737,0.0182064,0.0253936,0.241232,0.0204187,0.0114065,0.0651997,0.0244053,0.289417,0.0271924,0.0161511,0.0166632,0.0166183,0.0219273,0.0258378,0.0251414,0.0570783,0.0118267,0.0416205
N1,49,0.044829,0.00607592,0.0373537,0.0710061,0.016432,0.0307044,0.0188716,0.025652,0.243804,0.0412722,0.0110383,0.0334,0.0235681,0.193034,0.0819697,0.0387299,0.0328484,0.0299417,0.00470781,0.0147617
N1,50,0.050965,0.473227,0.0233298,0.0312768,0.0245668,0.0305153,0.0110446,0.0356363,0.0290147,0.0545904,0.0127915,0.0207179,0.0200801,0.0188211,0.0257741,0.0379421,0.0312394,0.0425181,0.00637253,0.0195761
N1,51,0.0323474,0.00688368,0.0194126,0.0262342,0.0814151,0.0205723,0.0194508,0.0321277,0.0249845,0.0576343,0.0124104,0.0175472,0.0158438,0.0168258,0.0227944,0.0250718,0.0222985,0.0336478,0.0189221,0.493576
N1,52,0.0520277,0.00660275,0.0315614,0.037653,0.0147115,0.543891,0.0105464,0.0228159,0.0316982,0.0353977,0.0088172,0.0260633,0.0207778,0.0200246,0.026982,0.0392684,0.0271394,0.0272958,0.00431885,0.0124075
N1,53,0.0495343,0.00891007,0.0202226,0.0285896,0.0291025,0.0234421,0.00974949,0.111465,0.0268279,0.0993809,0.0212934,0.0175767,0.0191518,0.0177564,0.0233187,0.0300985,0.0334851,0.406213,0.00591276,0.017969
N1,54,0.246576,0.0116868,0.0342096,0.0451519,0.0189363,0.0511272,0.0128973,0.031818,0.0388081,0.0475188,0.0122939,0.0309529,0.0313725,0.0259019,0.0325136,0.211495,0.0553458,0.0409091,0.00498131,0.0155045
N1,55,0.0410077,0.00546857,0.0246314,0.0334102,0.0148405,0.0258869,0.00979603,0.0235278,0.0293353,0.0371046,0.00886831,0.0190459,0.581481,0.0190308,0.0249398,0.0322733,0.0254986,0.0276622,0.00403396,0.012157
N1,56,0.07452,0.0101279,0.0345465,0.0441771,0.0191035,0.0391712,0.0134709,0.0327713,0.0410912,0.0482417,0.0127535,0.0360573,0.0285156,0.0264013,0.0338672,0.219295,0.224298,0.0408481,0.00499057,0.0157524
N1,57,0.0641858,0.0076941,0.0392922,0.0582041,0.0171069,0.0395825,0.0165166,0.027325,0.208153,0.0425924,0.0114528,0.0485044,0.0280596,0.0405857,0.0677577,0.174452,0.0556333,0.0329421,0.0048082,0.0151517
N1,58,0.0377118,0.00718181,0.0183938,0.0259511,0.0420641,0.0206428,0.00979173,0.0759147,0.0250357,0.48832,0.0300948,0.0160412,0.0172871,0.0170196,0.0222849,0.0259663,0.0261732,0.0650489,0.00748161,0.0215953
N1,59,0.183621,0.00990384,0.0515312,0.0549252,0.0183734,0.0589664,0.0178567,0.0297208,0.0482741,0.0448451,0.0120867,0.156253,0.0273589,0.0320882,0.0367905,0.103465,0.0551896,0.0374954,0.00487194,0.0163839
N1,60,0.0417096,0.00562453,0.458874,0.0933331,0.0143696,0.0360264,0.0133983,0.022024,0.0394136,0.0344437,0.00866856,0.0429328,0.0221703,0.0273706,0.030565,0.0376683,0.0284609,0.0260472,0.00401685,0.012882
N1,61,0.0401902,0.00751012,0.0192759,0.0273252,0.0407488,0.0216261,0.0102163,0.0804572,0.0266471,0.324132,0.172748,0.0169118,0.0178067,0.0184357,0.0236358,0.0274853,0.0284564,0.0676197,0.00740294,0.0213686
N1,62,0.050965,0.473227,0.0233298,0.0312768,0.0245668,0.0305153,0.0110446,0.0356363,0.0290147,0.0545904,0.0127915,0.0207179,0.0200801,0.0188211,0.0257741,0.0379421,0.0312394,0.0425181,0.00637253,0.0195761
N1,63,0.0317382,0.00702413,0.0174568,0.0240639,0.235252,0.0199554,0.0123682,0.0356631,0.0231555,0.071795,0.0146672,0.0154118,0.0151821,0.0154841,0.021573,0.0238235,0.0216016,0.036299,0.276064,0.0814216
N1,64,0.073799,0.00735894,0.0734025,0.218988,0.016408,0.0420124,0.0151064,0.0261161,0.0528629,0.0404698,0.0105661,0.0420026,0.0287676,0.042897,0.038281,0.171167,0.0486819,0.032076,0.00454948,0.0144869
N1,65,0.0705229,0.00669497,0.0756713,0.206129,0.0151095,0.232853,0.0135207,0.023695,0.0466016,0.0368912,0.00952603,0.0386619,0.0241334,0.0339234,0.0352249,0.0515716,0.0326654,0.0290361,0.00439863,0.0131696
N1,66,0.230729,0.012225,0.0248434,0.0358295,0.0249579,0.0328735,0.0111251,0.0661461,0.032128,0.0761879,0.0190861,0.0217027,0.0248326,0.0216022,0.0274457,0.0443613,0.0465376,0.224483,0.0056166,0.0172861
N1,67,0.0376607,0.00750447,0.0254451,0.033531,0.0542981,0.0247036,0.200645,0.0309293,0.032807,0.0542412,0.0125117,0.0261895,0.0187965,0.0241974,0.031698,0.0312226,0.0264931,0.0336888,0.0132526,0.280184
N1,68,0.175858,0.0112607,0.0236353,0.0340402,0.0278321,0.0299555,0.0111576,0.167467,0.0316133,0.0950095,0.0258143,0.0211657,0.0234743,0.0213625,0.0271288,0.0417035,0.0477762,0.159688,0.00586395,0.0181935
N1,69,0.0417096,0.00562453,0.458874,0.0933331,0.0143696,0.0360264,0.0133983,0.022024,0.0394136,0.0344437,0.00866856,0.0429328,0.0221703,0.0273706,0.030565,0.0376683,0.0284609,0.0260472,0.00401685,0.012882
N1,70,0.0323474,0.00688368,0.0194126,0.0262342,0.0814151,0.0205723,0.0194508,0.0321277,0.0249845,0.0576343,0.0124104,0.0175472,0.0158438,0.0168258,0.0227944,0.0250718,0.0222985,0.0336478,0.0189221,0.493576
N1,71,0.0389003,0.0083072,0.0191005,0.0266707,0.232099,0.021445,0.012233,0.0663438,0.0258385,0.152828,0.152805,0.0171671,0.0171233,0.0177667,0.0231767,0.0275914,0.0273028,0.0583156,0.0119083,0.043078
N1,72,0.0701273,0.00871812,0.0283268,0.0486243,0.0227138,0.0298335,0.0142074,0.0619989,0.18249,0.0721344,0.0215901,0.0280448,0.0243818,0.0343676,0.0556862,0.0431155,0.0566489,0.173621,0.00561557,0.0177544
N1,73,0.044591,0.00818716,0.0194696,0.0274727,0.0310231,0.0222736,0.00960368,0.254778,0.0260545,0.11259,0.023605,0.016985,0.0182744,0.0172685,0.0227385,0.0285136,0.0316402,0.260415,0.0060674,0.0184483
N1,74,0.0641858,0.00769411,0.0392922,0.0582041,0.0171069,0.0395825,0.0165166,0.027325,0.208153,0.0425924,0.0114528,0.0485044,0.0280596,0.0405857,0.0677577,0.174452,0.0556333,0.0329421,0.0048082,0.0151517
N1,75,0.0705228,0.00669497,0.0756713,0.206129,0.0151095,0.232854,0.0135207,0.023695,0.0466016,0.0368912,0.00952602,0.0386619,0.0241334,0.0339234,0.0352249,0.0515711,0.0326654,0.0290361,0.00439863,0.0131696
N1,76,0.0463077,0.00595039,0.190624,0.121513,0.0151799,0.0362212,0.0171402,0.0235716,0.187808,0.037032,0.00960285,0.0646062,0.0239677,0.0424028,0.0529555,0.0448178,0.0342193,0.0279744,0.00430251,0.0138019
N1,77,0.0449171,0.0064554,0.216103,0.0785771,0.0183584,0.0356986,0.16706,0.0246418,0.0470732,0.0394784,0.0099801,0.0754534,0.0237608,0.0409823,0.0396096,0.0441472,0.0321423,0.0288806,0.00517422,0.0215061
N1,78,0.044591,0.00818716,0.0194696,0.0274727,0.0310231,0.0222736,0.00960368,0.254778,0.0260545,0.11259,0.023605,0.016985,0.0182744,0.0172685,0.0227385,0.0285136,0.0316402,0.260415,0.0060674,0.0184483
N1,79,0.0400028,0.0083528,0.0236422,0.0320085,0.210204,0.0245583,0.161242,0.0373711,0.0314419,0.0722611,0.0161,0.0239578,0.0191668,0.0234875,0.03001,0.0323474,0.0281561,0.0395511,0.0138452,0.132293
N1,80,0.069291,0.00801908,0.042814,0.0665676,0.0179917,0.0393584,0.0210571,0.0282376,0.0587523,0.0450219,0.0122746,0.0438264,0.0293994,0.177141,0.0488736,0.183464,0.0527575,0.0340425,0.00499813,0.0161118
N1,81,0.0386708,0.00836042,0.0184706,0.0257592,0.2184,0.0208319,0.011196,0.198576,0.0246887,0.150079,0.027946,0.0165016,0.0168717,0.016655,0.0220269,0.0267632,0.0271931,0.0819398,0.010252,0.0388187
N1,82,0.195696,0.00810795,0.0357533,0.0618239,0.0177441,0.042389,0.0150086,0.0302171,0.200989,0.0462991,0.0130065,0.0340352,0.0287934,0.0405312,0.0616921,0.0615106,0.0475953,0.038742,0.004887,0.0151783
N1,83,0.0410077,0.00546857,0.0246314,0.0334102,0.0148405,0.0258869,0.00979603,0.0235278,0.0293353,0.0371046,0.00886831,0.0190459,0.581481,0.0190308,0.0249398,0.0322733,0.0254986,0.0276622,0.00403396,0.012157
N1,84,0.0843048,0.00914358,0.0385272,0.043963,0.016468,0.283122,0.0126843,0.0257597,0.037578,0.0396716,0.0101459,0.0384995,0.0257872,0.0240986,0.0319219,0.188359,0.0395916,0.0316683,0.00473579,0.0139695
N1,85,0.0735651,0.00731326,0.0458219,0.0677694,0.0163666,0.226448,0.0190354,0.0253421,0.0543907,0.0403693,0.0109458,0.0439273,0.0250728,0.152387,0.0466291,0.0590675,0.0353299,0.0308886,0.00490208,0.0144281
N1,86,0.225041,0.0109197,0.0316994,0.0438578,0.0198164,0.040766,0.012564,0.0375657,0.039224,0.052723,0.0144691,0.029096,0.0288759,0.0258508,0.0322035,0.0852193,0.1965,0.0528769,0.00504415,0.0156873
N1,87,0.0520277,0.00660275,0.0315614,0.037653,0.0147115,0.543891,0.0105464,0.0228159,0.0316982,0.0353977,0.0088172,0.0260633,0.0207778,0.0200246,0.026982,0.0392684,0.0271394,0.0272958,0.00431885,0.0124075
N1,88,0.0870046,0.00949687,0.158634,0.0884171,0.0215775,0.0371079,0.0151446,0.0469149,0.0411285,0.0594202,0.0159812,0.0425345,0.0265891,0.0304915,0.0319071,0.0538907,0.0596065,0.15113,0.00520769,0.0178149
N1,89,0.0386708,0.00836042,0.0184706,0.0257592,0.2184,0.0208319,0.011196,0.198576,0.0246887,0.150079,0.027946,0.0165016,0.0168717,0.016655,0.0220269,0.0267632,0.0271931,0.0819398,0.010252,0.0388187
N1,90,0.422622,0.0108966,0.0305864,0.0428182,0.019398,0.049427,0.0118325,0.0348605,0.035978,0.0507678,0.012927,0.02557,0.0298575,0.0240255,0.0302411,0.0589297,0.0422892,0.0466934,0.00499662,0.015283
N1,91,0.0463077,0.00595039,0.190624,0.121513,0.0151799,0.0362212,0.0171402,0.0235716,0.187808,0.037032,0.00960285,0.0646062,0.0239677,0.0424028,0.0529555,0.0448178,0.0342193,0.0279744,0.00430251,0.0138019
N1,92,0.0323474,0.00688368,0.0194126,0.0262342,0.0814151,0.0205723,0.0194508,0.0321277,0.0249845,0.0576343,0.0124104,0.0175472,0.0158438,0.0168258,0.0227944,0.0250718,0.0222985,0.0336478,0.0189221,0.493576
N1,93,0.0463615,0.00676382,0.0635868,0.0541141,0.0166459,0.0417306,0.0203437,0.0248588,0.0482651,0.0388038,0.00989572,0.403649,0.0224917,0.0293477,0.037275,0.049823,0.0362679,0.0293011,0.00459281,0.0158819
N1,94,0.0323474,0.00688368,0.0194126,0.0262342,0.0814151,0.0205723,0.0194508,0.0321277,0.0249845,0.0576343,0.0124104,0.0175472,0.0158438,0.0168258,0.0227944,0.0250718,0.0222985,0.0336478,0.0189221,0.493576
N1,95,0.0417628,0.00586924,0.0336808,0.0544752,0.0157309,0.0298324,0.0147746,0.0246532,0.440563,0.0390661,0.0100805,0.030275,0.0222533,0.037135,0.0861786,0.0358781,0.0306297,0.0287257,0.00452346,0.0139131
N1,96,0.0377118,0.00718181,0.0183938,0.0259511,0.0420641,0.0206428,0.00979173,0.0759147,0.0250357,0.48832,0.0300948,0.0160412,0.0172871,0.0170196,0.0222849,0.0259663,0.0261732,0.0650489,0.00748161,0.0215953
N1,97,0.0410077,0.00546857,0.0246314,0.0334102,0.0148405,0.0258869,0.00979603,0.0235278,0.0293353,0.0371046,0.00886831,0.0190459,0.581481,0.0190308,0.0249398,0.0322733,0.0254986,0.0276622,0.00403396,0.012157
N1,98,0.0766787,0.0104777,0.0372412,0.0454088,0.0182347,0.0469253,0.013756,0.0290149,0.0404508,0.0441889,0.0113396,0.0376647,0.0305303,0.0262872,0.0339599,0.382755,0.0590673,0.0355851,0.00491669,0.0155178
N1,99,0.0434288,0.00565788,0.262413,0.278842,0.0145768,0.0343707,0.013572,0.0225755,0.0440767,0.0353307,0.00893553,0.0370276,0.0227239,0.0328379,0.0328721,0.037781,0.0291525,0.0267693,0.00408035,0.0129761
N1,100,0.0331908,0.00717732,0.0177385,0.0244285,0.467818,0.0197774,0.0121397,0.0433859,0.0232612,0.0857626,0.0165766,0.0157141,0.0156619,0.0156187,0.0208892,0.0243986,0.0227716,0.0424784,0.0160758,0.0751357
N1,101,0.0490932,0.00873837,0.0203311,0.0289749,0.0339552,0.0232194,0.0102095,0.120648,0.0279334,0.137665,0.152467,0.0178909,0.0188291,0.0189533,0.0243332,0.0301637,0.0356019,0.214955,0.00652978,0.0195085
N1,102,0.0520277,0.00660275,0.0315614,0.037653,0.0147115,0.543891,0.0105464,0.0228159,0.0316982,0.0353977,0.0088172,0.0260633,0.0207778,0.0200246,0.026982,0.0392684,0.0271394,0.0272958,0.00431885,0.0124075
N1,103,0.050965,0.473227,0.0233298,0.0312768,0.0245668,0.0305153,0.0110446,0.0356363,0.0290147,0.0545904,0.0127915,0.0207179,0.0200801,0.0188211,0.0257741,0.0379421,0.0312394,0.0425181,0.00637253,0.0195761
N1,104,0.0583003,0.00958811,0.023593,0.0333285,0.0273648,0.0264883,0.0114043,0.199395,0.0325768,0.0912081,0.0263978,0.0223137,0.0218327,0.0214129,0.0276854,0.0416013,0.182812,0.118507,0.00582737,0.0183633
N1,105,0.0440713,0.00831116,0.0192796,0.0273092,0.0367916,0.0219624,0.0098716,0.124472,0.0261031,0.279012,0.0301902,0.0168509,0.0183498,0.0176492,0.0230148,0.0281182,0.0302269,0.211766,0.00669619,0.0199536
N1,106,0.231107,0.0122269,0.0248562,0.0358454,0.0249464,0.0329004,0.0111278,0.0660668,0.0321381,0.0761358,0.0190783,0.0217119,0.0248441,0.0216095,0.0274535,0.0443951,0.0465416,0.224117,0.00561558,0.0172831
N1,107,0.0317343,0.00702317,0.0174563,0.0240635,0.234809,0.0199571,0.0123673,0.0356452,0.0231562,0.0717595,0.0146619,0.0154111,0.015181,0.0154841,0.0215768,0.023822,0.0215985,0.0362841,0.276629,0.0813803
N1,108,0.058027,0.00833474,0.0477881,0.0506614,0.0183974,0.0394929,0.0177919,0.0302269,0.0496419,0.0450771,0.0121689,0.192807,0.0248841,0.0304275,0.0374172,0.0837268,0.195438,0.0364501,0.00486108,0.0163807
N1,109,0.0580512,0.00833716,0.0477479,0.0506487,0.0184008,0.0394783,0.0177803,0.0302424,0.0496306,0.0450946,0.0121738,0.192427,0.0248891,0.0304221,0.0374114,0.0837444,0.195809,0.0364714,0.00486151,0.0163786
N1,110,0.0441502,0.00623987,0.0343266,0.0588949,0.0168541,0.0305076,0.0228283,0.0258319,0.0993796,0.0421874,0.0110929,0.0306473,0.0232626,0.189882,0.24333,0.0383038,0.0317259,0.0300171,0.00509544,0.0154423
N1,111,0.0664096,0.00721125,0.0602107,0.218926,0.0170901,0.0352874,0.0146369,0.0292257,0.0561298,0.0438956,0.0120312,0.0381132,0.0266759,0.0433165,0.0381457,0.0628654,0.173137,0.0373574,0.00462141,0.0147128
N1,112,0.03968,0.00749439,0.0186119,0.0262634,0.0385419,0.0209929,0.0096509,0.227542,0.0252513,0.306126,0.0319065,0.0162723,0.0174534,0.0169783,0.0223044,0.0266619,0.0280619,0.093085,0.00681437,0.0203066
N1,113,0.0599845,0.00733547,0.199585,0.0827617,0.0168095,0.039216,0.015504,0.0275302,0.0457335,0.0416812,0.0110242,0.0641118,0.0263388,0.0317967,0.0342261,0.0767335,0.166322,0.0339818,0.00452827,0.0147953
N1,114,0.0851971,0.206162,0.029505,0.0380227,0.0226148,0.0416357,0.0133984,0.0342291,0.0349894,0.0518321,0.0131303,0.0298828,0.0251659,0.0229606,0.0313864,0.199498,0.0517671,0.0438011,0.00586496,0.0189567
N1,115,0.0464945,0.00643705,0.0489829,0.0611022,0.016312,0.0366134,0.0203022,0.0251356,0.232879,0.0394692,0.0103702,0.192548,0.0231221,0.0404354,0.0645314,0.0480005,0.0379378,0.0295649,0.00460834,0.0151544
N1,116,0.191039,0.00959377,0.0327668,0.0517933,0.0184032,0.0432535,0.0172238,0.0305528,0.0782683,0.04808,0.0131148,0.0310957,0.028451,0.0406993,0.198307,0.062861,0.0440307,0.0389747,0.00543155,0.016059
N1,117,0.0987673,0.00968483,0.0380263,0.0451876,0.0173643,0.216327,0.0130664,0.0288018,0.0405673,0.0432201,0.01178,0.0431275,0.025393,0.025581,0.0334832,0.10456,0.148364,0.0374145,0.00489315,0.014391
N1,118,0.0665061,0.00878771,0.0494091,0.0496404,0.0174062,0.0977489,0.0167075,0.0268721,0.0445244,0.0414265,0.0106758,0.171079,0.0263372,0.0283622,0.0358585,0.205714,0.0500668,0.0324789,0.00480808,0.0155908
N1,119,0.0592294,0.00750467,0.0536928,0.0488555,0.016106,0.280795,0.0154472,0.024575,0.0419581,0.0381832,0.00976199,0.176655,0.0229873,0.0260684,0.0341371,0.0608208,0.0346582,0.029617,0.00465243,0.0142953
N1,120,0.0514092,0.0081811,0.0533276,0.193343,0.0366934,0.029884,0.0405823,0.0318692,0.0471187,0.0541393,0.0138535,0.0367533,0.0224384,0.0450238,0.0387617,0.042631,0.0341061,0.0373747,0.0100674,0.172442
N1,121,0.186226,0.00996636,0.0511907,0.0550012,0.0185288,0.0590641,0.0177728,0.0300054,0.0482247,0.045276,0.0121783,0.152322,0.02756,0.0320923,0.0368359,0.103294,0.0552177,0.0378723,0.0049135,0.016458
N1,122,0.0560801,0.0126002,0.0234878,0.0322178,0.181718,0.0264165,0.0171628,0.0620938,0.0315018,0.0986837,0.0285718,0.02418,0.0212373,0.0217789,0.0280195,0.0536316,0.153848,0.0685619,0.01044,0.047769
N1,123,0.180911,0.016212,0.0271033,0.0371556,0.0614286,0.0328102,0.0270942,0.0410042,0.0340138,0.0685909,0.0172978,0.0275312,0.0232909,0.0252808,0.0314362,0.0548663,0.0384763,0.0515028,0.0122161,0.191778
N1,124,0.0311482,0.00679052,0.0181292,0.0248053,0.0780709,0.0202519,0.0154541,0.0309535,0.0238868,0.0574576,0.012384,0.0161214,0.0152037,0.0160039,0.022641,0.0239935,0.0212744,0.0324311,0.284429,0.24857
N1,125,0.0474067,0.00627669,0.174797,0.0974755,0.015577,0.0381794,0.0237909,0.0238648,0.0879669,0.0378321,0.00980871,0.0599056,0.0243836,0.0475904,0.174137,0.0489664,0.0344344,0.028316,0.00462095,0.0146703
N1,126,0.052598,0.00790953,0.0260829,0.0426732,0.0278548,0.0270445,0.0160962,0.0549924,0.17782,0.214878,0.0338438,0.0260592,0.0232406,0.0421064,0.0646762,0.038273,0.0403687,0.056239,0.00665715,0.0205867
N1,127,0.0648095,0.015534,0.0254247,0.0338842,0.199144,0.0311245,0.019389,0.0451915,0.0323317,0.0814142,0.020014,0.0272233,0.0233888,0.0227962,0.0292553,0.16698,0.0457176,0.0514695,0.0111478,0.0537609
N1,128,0.0425513,0.00672312,0.0332042,0.0475028,0.0202935,0.0303908,0.185457,0.0264006,0.0748802,0.0436466,0.011025,0.0363381,0.0226517,0.0486039,0.240065,0.0384077,0.0310979,0.030306,0.00641871,0.0240364
N1,129,0.0376685,0.00750291,0.0254601,0.0335498,0.0542399,0.0247136,0.201046,0.0309199,0.0328266,0.0542216,0.0125091,0.026206,0.0188036,0.0242154,0.031718,0.0312326,0.0265001,0.0336821,0.0132415,0.279743
N1,130,0.0705228,0.00669497,0.0756713,0.206129,0.0151095,0.232854,0.0135207,0.023695,0.0466016,0.0368912,0.00952602,0.0386619,0.0241334,0.0339234,0.0352249,0.0515711,0.0326654,0.0290361,0.00439863,0.0131696
N1,131,0.0600566,0.00856913,0.0536558,0.0517535,0.0175615,0.0479973,0.0182468,0.0269497,0.047127,0.0415638,0.0107619,0.208507,0.0262407,0.0299048,0.037283,0.207301,0.0532581,0.0323852,0.00477966,0.0160976
N1,132,0.0408995,0.00757786,0.0187993,0.0264773,0.0326783,0.0213003,0.00943945,0.39987,0.0252827,0.12288,0.025,0.0164192,0.0174975,0.0167688,0.0221441,0.0271321,0.0294052,0.115365,0.00620696,0.0188565
N1,133,0.047143,0.00607786,0.0492857,0.207841,0.0157142,0.0327143,0.0181051,0.0244836,0.11257,0.0389924,0.0101554,0.0334537,0.0237612,0.0647009,0.194097,0.0403913,0.0324638,0.0290699,0.00468326,0.014296
N1,134,0.0555574,0.00663554,0.0318641,0.0482686,0.0165571,0.0319863,0.0178902,0.0262945,0.0741081,0.0428976,0.0106909,0.0276175,0.241372,0.0385848,0.193102,0.0496552,0.0357799,0.0317413,0.0048892,0.014508
N1,135,0.0323474,0.00688368,0.0194126,0.0262342,0.0814151,0.0205723,0.0194508,0.0321277,0.0249845,0.0576343,0.0124104,0.0175472,0.0158438,0.0168258,0.0227944,0.0250718,0.0222985,0.0336478,0.0189221,0.493576
N1,136,0.0465912,0.00595204,0.0573388,0.272817,0.0158474,0.0319222,0.0168896,0.0247357,0.061228,0.0393619,0.0102237,0.0322422,0.0239615,0.1989,0.044022,0.0386496,0.0314162,0.029259,0.0044712,0.0141715
N1,137,0.0516548,0.00838854,0.0262993,0.0408025,0.0257358,0.0283499,0.0177579,0.0455273,0.0755812,0.0877599,0.140742,0.0261338,0.0220195,0.0435295,0.203481,0.039247,0.0408179,0.0483993,0.00735615,0.0204173
N1,138,0.0502178,0.00878664,0.157167,0.06913,0.0338298,0.0428235,0.0288907,0.0300782,0.0393801,0.0530521,0.0136303,0.0411852,0.0223705,0.0321774,0.0395143,0.0498665,0.033872,0.0349952,0.171697,0.0473365
N1,139,0.07452,0.0101279,0.0345465,0.0441771,0.0191035,0.0391712,0.0134709,0.0327714,0.0410912,0.0482418,0.0127535,0.0360573,0.0285156,0.0264013,0.0338671,0.219295,0.224298,0.0408481,0.00499057,0.0157524
N1,140,0.0766788,0.0104777,0.0372411,0.0454087,0.0182347,0.0469253,0.013756,0.0290149,0.0404508,0.0441889,0.0113396,0.0376646,0.0305303,0.0262872,0.0339599,0.382755,0.0590673,0.0355851,0.00491669,0.0155178
N1,141,0.0485664,0.0062369,0.119356,0.217196,0.0156835,0.038621,0.018466,0.0241844,0.0598636,0.0377887,0.00975325,0.164964,0.0234012,0.0445468,0.0389106,0.0488704,0.0359522,0.0288065,0.00437614,0.0144564
N1,142,0.0751395,0.0119869,0.0373509,0.0456765,0.0248053,0.0364673,0.0176441,0.0645547,0.0448481,0.067703,0.0195564,0.14152,0.0238757,0.02918,0.0345895,0.0596528,0.0780343,0.161322,0.00562508,0.0204676
N1,143,0.0840968,0.00873042,0.0254301,0.0369591,0.0225885,0.0285037,0.0116668,0.0548803,0.0334527,0.0721567,0.0161495,0.0214286,0.239563,0.0229544,0.0284376,0.0449818,0.0457684,0.180777,0.00525045,0.0162247
N1,144,0.0323474,0.00688368,0.0194126,0.0262342,0.0814151,0.0205723,0.0194508,0.0321277,0.0249845,0.0576343,0.0124104,0.0175472,0.0158438,0.0168258,0.0227944,0.0250718,0.0222985,0.0336478,0.0189221,0.493576
N1,145,0.0463615,0.00676382,0.0635868,0.0541141,0.0166459,0.0417306,0.0203437,0.0248588,0.0482651,0.0388038,0.00989572,0.403649,0.0224917,0.0293477,0.037275,0.049823,0.0362679,0.0293011,0.00459281,0.0158819
N1,146,0.228809,0.202077,0.027197,0.0367443,0.0232574,0.042128,0.0121898,0.0381443,0.0330968,0.0562656,0.0141803,0.0246438,0.0247388,0.0219336,0.0293599,0.0640889,0.0428784,0.0540832,0.00585832,0.0183249
N1,147,0.209317,0.00760467,0.056306,0.232668,0.0169386,0.0437723,0.013701,0.0283152,0.048521,0.0432392,0.0113972,0.0317441,0.028787,0.0393341,0.0358459,0.0558778,0.0406913,0.0368597,0.00460802,0.0144712
N1,148,0.0936603,0.0120288,0.0277412,0.0376788,0.0312945,0.189563,0.0140901,0.0481027,0.0355917,0.192988,0.026754,0.0279963,0.0238823,0.0264023,0.032972,0.0523821,0.0392053,0.060489,0.00775225,0.0194254
N1,149,0.0735881,0.00731547,0.0458199,0.0677135,0.0163636,0.226973,0.019019,0.0253369,0.0543471,0.0403568,0.0109416,0.0439252,0.0250683,0.152027,0.0465956,0.0590771,0.0353215,0.0308853,0.00490177,0.0144237
N1,150,0.0664096,0.00721125,0.0602106,0.218926,0.0170901,0.0352874,0.0146369,0.0292257,0.0561298,0.0438956,0.0120312,0.0381132,0.0266759,0.0433165,0.0381457,0.0628651,0.173137,0.0373574,0.00462141,0.0147128
N1,151,0.0698832,0.196308,0.0222838,0.0308717,0.0310025,0.0281648,0.0109979,0.0693851,0.0289936,0.0830121,0.0193734,0.0202086,0.0205367,0.0192,0.0258225,0.0399331,0.0405664,0.216231,0.00655723,0.0206686
N1,152,0.0552214,0.00851241,0.0665668,0.0587617,0.0213332,0.0485865,0.0245211,0.0317247,0.0577076,0.0490786,0.0128892,0.288198,0.0268581,0.034956,0.0433126,0.0621594,0.0457055,0.0368715,0.00585142,0.0211839
N1,153,0.0564341,0.00751006,0.0427403,0.0804023,0.0215601,0.0362114,0.0248565,0.0332407,0.0687911,0.0573624,0.0157391,0.0359937,0.0294242,0.280946,0.0577941,0.0467113,0.0393884,0.0387583,0.00631453,0.0198212
N1,154,0.0888857,0.00731194,0.0370221,0.0446205,0.0157393,0.218911,0.0126418,0.0249661,0.037345,0.0391682,0.0098036,0.0295762,0.227459,0.0247512,0.03163,0.0667379,0.0345338,0.0312301,0.00450443,0.0131619
N1,155,0.0889049,0.00731446,0.037033,0.0446221,0.0157385,0.219432,0.0126415,0.0249626,0.0373448,0.0391609,0.00980305,0.0295921,0.2269,0.0247484,0.0316312,0.0667468,0.03453,0.0312265,0.00450506,0.0131618
N1,156,0.0624604,0.00770476,0.0382335,0.063765,0.0187836,0.0334323,0.0193001,0.032188,0.0616197,0.0500201,0.0152277,0.0383587,0.0268907,0.174804,0.0476109,0.0651307,0.183879,0.0392979,0.00505463,0.0162383
N1,157,0.0443865,0.00661448,0.0389543,0.0584571,0.0208956,0.0306922,0.203853,0.0270479,0.056895,0.0450483,0.0115384,0.0387485,0.0236511,0.204741,0.0558576,0.0394547,0.0319549,0.0310993,0.00595171,0.0241594
N1,158,0.0500842,0.0111644,0.0321341,0.0376557,0.171833,0.0320202,0.0379717,0.0419977,0.0370162,0.0733176,0.0196068,0.144105,0.0209038,0.0259764,0.0322635,0.0551312,0.040019,0.0447687,0.0103042,0.0817268
N1,159,0.0673139,0.169941,0.0392584,0.0431324,0.0221678,0.0452621,0.020202,0.0321932,0.0404922,0.0491395,0.0129415,0.167877,0.0229863,0.0262895,0.0360094,0.086812,0.049977,0.0402088,0.00576565,0.0220304
N1,160,0.042792,0.00898544,0.0268469,0.0384598,0.0423369,0.0268643,0.0549232,0.0325298,0.0568607,0.0580502,0.014352,0.0297987,0.0203801,0.0335515,0.19352,0.0373982,0.0309609,0.0359994,0.0152566,0.200134
N1,161,0.0656234,0.00766307,0.041906,0.195658,0.0232518,0.0307634,0.0152755,0.0433129,0.0553432,0.0745316,0.128284,0.0295659,0.0236372,0.0622745,0.0380665,0.0427774,0.0459961,0.0518071,0.00583004,0.0184314
N1,162,0.0410077,0.00546857,0.0246314,0.0334102,0.0148405,0.0258869,0.00979603,0.0235278,0.0293353,0.0371046,0.00886831,0.0190459,0.581481,0.0190308,0.0249398,0.0322733,0.0254986,0.0276622,0.00403396,0.012157
N1,163,0.0495232,0.00859285,0.0245488,0.0376776,0.0296569,0.0266307,0.0179769,0.0519565,0.0594135,0.231736,0.0284699,0.0236456,0.0223913,0.0371376,0.194088,0.036715,0.0362004,0.0533769,0.00811707,0.0221452
N1,164,0.0486848,0.0066356,0.056868,0.0716459,0.0170621,0.0370041,0.0311692,0.0258968,0.0683087,0.0412413,0.0110265,0.18745,0.0239213,0.181808,0.0498934,0.0514803,0.038424,0.0304448,0.00476704,0.0162675
N1,165,0.0793135,0.134657,0.165841,0.0633288,0.0197431,0.0486895,0.0180533,0.0294742,0.0394427,0.045453,0.011854,0.0595897,0.0245674,0.0281507,0.0336995,0.0890921,0.0461419,0.0383402,0.00532284,0.0192455
N1,166,0.0323474,0.00688368,0.0194126,0.0262342,0.0814151,0.0205723,0.0194508,0.0321277,0.0249845,0.0576343,0.0124104,0.0175472,0.0158438,0.0168258,0.0227944,0.0250718,0.0222985,0.0336478,0.0189221,0.493576
N1,167,0.13651,0.0132055,0.0293743,0.0394505,0.0224064,0.202029,0.0120471,0.0466324,0.0347414,0.0612855,0.0164996,0.0278541,0.0238686,0.0229148,0.0299155,0.0538869,0.0453111,0.159888,0.00576065,0.0164183
N1,168,0.0475586,0.0107258,0.024436,0.0357487,0.163349,0.0270231,0.0334185,0.0432945,0.0511117,0.0950885,0.0230878,0.0254718,0.0210176,0.0304088,0.162693,0.0401866,0.0339288,0.0459178,0.0172918,0.0682407
N1,169,0.313548,0.0122417,0.0360619,0.0522372,0.0244648,0.0535286,0.0143824,0.0419353,0.0435187,0.0627912,0.0163011,0.0296874,0.0348269,0.0294339,0.0366185,0.0658287,0.0484573,0.0584253,0.00642649,0.0192845
N1,170,0.07452,0.0101279,0.0345465,0.0441771,0.0191035,0.0391712,0.0134709,0.0327713,0.0410912,0.0482417,0.0127535,0.0360573,0.0285156,0.0264013,0.0338672,0.219295,0.224298,0.0408481,0.00499057,0.0157524
N1,171,0.060094,0.00857317,0.0536246,0.0517441,0.0175634,0.0480011,0.0182373,0.0269548,0.0471142,0.0415708,0.0107634,0.208134,0.0262513,0.0299004,0.0372789,0.207645,0.0532809,0.0323933,0.00478008,0.016096
N1,172,0.0580512,0.00833716,0.0477479,0.0506487,0.0184008,0.0394783,0.0177803,0.0302424,0.0496306,0.0450946,0.0121738,0.192427,0.0248891,0.0304221,0.0374114,0.0837444,0.195809,0.0364714,0.00486151,0.0163786
N1,173,0.0766788,0.0104777,0.037241,0.0454087,0.0182347,0.0469253,0.013756,0.0290149,0.0404508,0.0441889,0.0113396,0.0376646,0.0305303,0.0262872,0.0339599,0.382755,0.0590673,0.0355852,0.00491669,0.0155178
N1,174,0.0586118,0.00743626,0.0541622,0.0487972,0.0158984,0.275863,0.0155334,0.0242548,0.0419786,0.0376714,0.00965123,0.183661,0.0227649,0.0260574,0.0340342,0.0609832,0.0346381,0.0292438,0.00458259,0.0141762
N1,175,0.0870046,0.00949687,0.158634,0.0884171,0.0215775,0.0371079,0.0151446,0.0469149,0.0411285,0.0594202,0.0159812,0.0425345,0.0265891,0.0304915,0.0319071,0.0538907,0.0596065,0.15113,0.00520769,0.0178149
N1,176,0.0681952,0.0133971,0.0334681,0.0389256,0.0480555,0.19416,0.0351999,0.0316043,0.035632,0.0533641,0.0136049,0.0431492,0.0214363,0.0252532,0.0342388,0.0573253,0.0333447,0.0377788,0.0150313,0.166836
N1,177,0.0311482,0.00679052,0.0181292,0.0248053,0.0780709,0.0202519,0.0154541,0.0309535,0.0238868,0.0574576,0.012384,0.0161214,0.0152037,0.0160039,0.022641,0.0239935,0.0212744,0.0324311,0.284429,0.24857
N1,178,0.0452013,0.00618657,0.0393012,0.0731278,0.0171367,0.0306395,0.0210363,0.0263733,0.062917,0.0430172,0.0112883,0.0306418,0.023985,0.395433,0.0528826,0.0381,0.0317222,0.0306642,0.0048585,0.0154878
N1,179,0.0410077,0.00546857,0.0246314,0.0334102,0.0148405,0.0258869,0.00979603,0.0235278,0.0293353,0.0371046,0.00886831,0.0190459,0.581481,0.0190308,0.0249398,0.0322733,0.0254986,0.0276622,0.00403396,0.012157
N1,180,0.0389003,0.0083072,0.0191005,0.0266707,0.232099,0.021445,0.012233,0.0663438,0.0258385,0.152828,0.152805,0.0171671,0.0171233,0.0177667,0.0231767,0.0275914,0.0273028,0.0583156,0.0119083,0.043078
N1,181,0.0621647,0.00881432,0.0353932,0.050481,0.0176841,0.0398774,0.0194448,0.0275772,0.0811621,0.0436807,0.0115358,0.0400837,0.027628,0.0400672,0.213344,0.177319,0.0493104,0.0330659,0.00531185,0.016054
N1,182,0.230729,0.012225,0.0248434,0.0358295,0.0249579,0.0328735,0.0111251,0.0661461,0.032128,0.0761879,0.0190861,0.0217027,0.0248326,0.0216022,0.0274457,0.0443613,0.0465376,0.224483,0.0056166,0.0172861
N1,183,0.0490932,0.00873837,0.0203311,0.0289749,0.0339552,0.0232194,0.0102095,0.120648,0.0279334,0.137665,0.152467,0.0178909,0.0188291,0.0189533,0.0243332,0.0301636,0.0356019,0.214955,0.00652978,0.0195085
N1,184,0.230729,0.012225,0.0248434,0.0358295,0.0249579,0.0328735,0.0111251,0.0661461,0.032128,0.0761879,0.0190861,0.0217027,0.0248326,0.0216022,0.0274457,0.0443613,0.0465376,0.224483,0.0056166,0.0172861
N1,185,0.0396758,0.00749396,0.0186113,0.0262628,0.0385531,0.020992,0.00965172,0.227193,0.0252512,0.306525,0.0319123,0.0162718,0.0174534,0.0169793,0.0223051,0.0266603,0.028057,0.0930248,0.00681623,0.0203104
N1,186,0.0745377,0.0101301,0.0345538,0.0441805,0.0191021,0.0391882,0.0134723,0.0327597,0.0410902,0.0482311,0.0127499,0.0360646,0.0285213,0.0264023,0.0338686,0.219631,0.22394,0.0408338,0.00499059,0.0157528
N1,187,0.0364866,0.00777737,0.0182064,0.0253936,0.241232,0.0204187,0.0114065,0.0651997,0.0244053,0.289417,0.0271924,0.0161511,0.0166632,0.0166183,0.0219273,0.0258378,0.0251414,0.0570783,0.0118267,0.0416205
N1,188,0.0459426,0.00586588,0.0535625,0.246175,0.0153338,0.0321334,0.0151244,0.024174,0.227157,0.0380751,0.0099086,0.0343543,0.0235235,0.0524432,0.0584214,0.0388927,0.0322373,0.0286774,0.00435862,0.0136396
N1,189,0.0607718,0.00803261,0.0238681,0.0345978,0.0286333,0.0262479,0.0127856,0.0519955,0.0330361,0.227233,0.0213434,0.0205765,0.234803,0.0248896,0.0292892,0.0403798,0.0368269,0.0599969,0.00615187,0.0185411
N1,190,0.0583417,0.00994495,0.0234342,0.0334659,0.0325621,0.0262022,0.0124295,0.0819327,0.0335058,0.232544,0.0389587,0.0223055,0.0225961,0.0240321,0.0292389,0.0441444,0.161639,0.0858271,0.00657446,0.0203203
N1,191,0.0464389,0.00685523,0.043865,0.0545765,0.0167953,0.0374299,0.0285256,0.0254049,0.103058,0.0403074,0.0105543,0.1719,0.0230251,0.0430228,0.209239,0.0507014,0.0372947,0.0297746,0.00497985,0.0162515
N1,192,0.225423,0.0109223,0.0316983,0.0438608,0.0198162,0.0407875,0.0125626,0.0375606,0.0392179,0.0527213,0.0144672,0.0290869,0.0288812,0.0258495,0.0322001,0.0852078,0.196128,0.0528783,0.00504418,0.0156867
N1,193,0.0748686,0.00771179,0.0335581,0.0434358,0.0169782,0.036804,0.0130049,0.0273286,0.0381415,0.0426991,0.0105721,0.0280917,0.286742,0.0257602,0.031978,0.18449,0.0453846,0.0337242,0.00457013,0.0141566
N1,194,0.422622,0.0108966,0.0305864,0.0428182,0.019398,0.049427,0.0118325,0.0348605,0.035978,0.0507678,0.012927,0.02557,0.0298575,0.0240255,0.0302411,0.0589297,0.0422892,0.0466934,0.00499662,0.015283
N1,195,0.0622382,0.00902323,0.0311803,0.0416092,0.0198052,0.0332333,0.0127077,0.0375783,0.0397727,0.0525659,0.0140684,0.0303039,0.0257883,0.0250592,0.0325726,0.0652059,0.399976,0.0465183,0.0050245,0.0157692
