Ancestral Node,Pos,A,C,D,E,F,G,H,I,K,L,M,N,P,Q,R,S,T,V,W,Y
N1,1,0.0418254,0.00551155,0.284039,0.0769622,0.0128533,0.0390504,0.017035,0.0196456,0.0429601,0.0305318,0.00795576,0.224006,0.0205496,0.0289979,0.0317774,0.0455052,0.0311727,0.0236759,0.00355671,0.0123885
N1,2,0.0414619,0.00775398,0.0162558,0.0232453,0.0298894,0.0188927,0.00833994,0.272411,0.0223317,0.115431,0.0239845,0.0145656,0.0157786,0.0149929,0.0195181,0.025359,0.0297307,0.277872,0.00541667,0.0167699
N1,3,0.0755164,0.0100036,0.0329067,0.0416342,0.0168581,0.0376347,0.0126732,0.0300153,0.039006,0.0433405,0.0118264,0.0360462,0.0271528,0.0251646,0.0318313,0.232827,0.238907,0.0383725,0.00430754,0.0139763
N1,4,0.190834,0.00973583,0.0520284,0.0538011,0.0160994,0.0599396,0.0176313,0.0266811,0.0470987,0.0396996,0.0111021,0.163248,0.0258513,0.0317026,0.0351379,0.10951,0.0563114,0.0346763,0.0041886,0.0147233
N1,5,0.0628233,0.00748824,0.0364266,0.186287,0.025531,0.0262051,0.0153295,0.050689,0.0465434,0.207907,0.0285021,0.0254595,0.0233373,0.057671,0.035383,0.0390617,0.0396622,0.0611032,0.00577464,0.0188151
N1,6,0.0487211,0.517178,0.0203724,0.0272516,0.0228605,0.0279702,0.00993887,0.0330686,0.0254699,0.0501657,0.0118032,0.0186642,0.017694,0.0166425,0.022796,0.0360168,0.0292816,0.0401108,0.0058031,0.018191
N1,7,0.0371624,0.00471642,0.0216442,0.0294147,0.0122135,0.022592,0.00852207,0.0197579,0.0256761,0.0310941,0.00748661,0.0166613,0.635635,0.0167894,0.0217353,0.0293298,0.0226695,0.0235811,0.00327959,0.0100391
N1,8,0.0286575,0.00660543,0.0144293,0.0199775,0.507282,0.0162275,0.011176,0.0413519,0.0193001,0.0846275,0.0159428,0.0131996,0.0129557,0.013191,0.0175126,0.0208181,0.019738,0.0396162,0.0165034,0.0808876
N1,9,0.0739968,0.00679645,0.0456384,0.0682956,0.0139236,0.24045,0.0190303,0.0218281,0.054067,0.0348249,0.00984157,0.0451113,0.0232351,0.159071,0.0462604,0.0596842,0.0338633,0.0272584,0.0042418,0.0125823
N1,10,0.074367,0.00688217,0.0760953,0.229338,0.0140413,0.0406602,0.0146463,0.0227945,0.0524196,0.0351076,0.00946413,0.0426409,0.0274226,0.0447441,0.0370387,0.17797,0.0490868,0.0287036,0.0038706,0.0127059
N1,11,0.0408779,0.00789568,0.0160558,0.0230794,0.0364195,0.0185623,0.00864254,0.133413,0.0223995,0.29511,0.0314496,0.0144231,0.0158776,0.0154343,0.0198402,0.0249294,0.0281255,0.222905,0.0061125,0.0184468
N1,12,0.0348137,0.00795363,0.0152099,0.0214166,0.233411,0.0173621,0.0101337,0.208321,0.0208668,0.157791,0.0288704,0.0140674,0.0142722,0.0143417,0.0187702,0.0234527,0.0247189,0.0844521,0.0100493,0.0397255
N1,13,0.0432679,0.00617629,0.0659947,0.0526429,0.0142017,0.0404218,0.0205411,0.02126,0.0470334,0.0330012,0.00864063,0.43463,0.0202989,0.0284327,0.0355622,0.0494307,0.034954,0.0254398,0.00388398,0.0141857
N1,14,0.242864,0.0123474,0.0219863,0.0322838,0.0234225,0.0304769,0.0100049,0.068398,0.0288976,0.0751566,0.0190242,0.0196892,0.0229631,0.0197315,0.0246014,0.0431243,0.0465473,0.237853,0.00498524,0.0156426
N1,15,0.0617618,0.00875585,0.0292785,0.0389093,0.0175289,0.0312173,0.0118345,0.0351634,0.0376118,0.0478074,0.0132358,0.0296692,0.0241969,0.0237058,0.0304364,0.0679162,0.428172,0.044524,0.00432843,0.0139467
N1,16,0.0667447,0.00913095,0.0346743,0.042393,0.0168304,0.0358254,0.0132752,0.0306997,0.0402404,0.0436361,0.0120175,0.045586,0.0253536,0.0254781,0.0322062,0.112264,0.356325,0.038952,0.00427724,0.0140898
N1,17,0.0348137,0.00795363,0.0152099,0.0214166,0.233411,0.0173621,0.0101337,0.208321,0.0208668,0.157791,0.0288704,0.0140674,0.0142722,0.0143417,0.0187702,0.0234527,0.0247189,0.0844521,0.0100493,0.0397255
N1,18,0.0371624,0.00471643,0.0216443,0.0294147,0.0122136,0.022592,0.00852207,0.019758,0.0256761,0.0310941,0.00748662,0.0166613,0.635635,0.0167894,0.0217353,0.0293298,0.0226695,0.0235811,0.00327959,0.0100391
N1,19,0.0780306,0.0104154,0.0359316,0.042976,0.0159249,0.0464249,0.0129963,0.0258264,0.038241,0.0388767,0.0102416,0.0378778,0.0294214,0.0250195,0.0319135,0.408386,0.0610739,0.0324509,0.00423403,0.0137379
N1,20,0.0861328,0.00839974,0.0227479,0.0336857,0.0207165,0.0257184,0.0106535,0.0550395,0.0305017,0.0702704,0.0156458,0.0194615,0.257133,0.0213293,0.025812,0.0439486,0.0457267,0.18802,0.00458519,0.0144716
N1,21,0.187364,0.0168788,0.0247299,0.034023,0.0644826,0.0307098,0.0281277,0.0391552,0.0312076,0.0659811,0.016905,0.0264465,0.021417,0.0240155,0.0292527,0.0552039,0.0375272,0.050288,0.0123287,0.203956
N1,22,0.189673,0.0158128,0.0206288,0.0290177,0.201598,0.0287739,0.01526,0.05376,0.0270853,0.0977182,0.024214,0.0200899,0.0207919,0.0196537,0.0244388,0.0479551,0.0362014,0.0699517,0.0105868,0.0467891
N1,23,0.0224738,0.00453815,0.0129316,0.0178056,0.0321169,0.0148806,0.00818891,0.0223019,0.0172078,0.0402909,0.00869126,0.01127,0.0110306,0.0113068,0.0161382,0.0170651,0.015275,0.023453,0.661833,0.0312009
N1,24,0.0442086,0.00540853,0.0494511,0.218433,0.0131886,0.0302436,0.0178991,0.0208795,0.119698,0.0332846,0.00894874,0.0329055,0.0217514,0.0683692,0.204552,0.0385627,0.0305779,0.02523,0.00399552,0.0124128
N1,25,0.03643,0.00536754,0.0271293,0.0421928,0.0138613,0.026154,0.016165,0.0212339,0.0971704,0.0343108,0.00888552,0.0251394,0.0192519,0.0343723,0.491947,0.0317536,0.0264384,0.0247644,0.0044988,0.0129337
N1,26,0.0458836,0.00829165,0.0254197,0.0366649,0.0439707,0.0246102,0.168284,0.0446794,0.0570034,0.117931,0.110826,0.0321762,0.0197729,0.0483129,0.0463229,0.0366631,0.036788,0.0456385,0.00838602,0.0423749
N1,27,0.0394026,0.0086845,0.0243447,0.0353693,0.0429379,0.0239244,0.0596445,0.0296211,0.0570835,0.0541973,0.013591,0.0289663,0.0181047,0.0333688,0.204132,0.0353564,0.0289495,0.0327607,0.0158045,0.213756
N1,28,0.0414619,0.00775398,0.0162558,0.0232453,0.0298894,0.0188927,0.00833994,0.272411,0.0223317,0.115431,0.0239845,0.0145656,0.0157786,0.0149929,0.0195181,0.025359,0.0297307,0.277872,0.00541667,0.0167699
N1,29,0.0612662,0.0085053,0.0336815,0.0486037,0.0153815,0.0382409,0.019426,0.0244015,0.0845052,0.0385917,0.0105339,0.0404486,0.026083,0.0406221,0.226062,0.184563,0.0502153,0.0298009,0.0046906,0.0143765
N1,30,0.0432049,0.00614981,0.0673178,0.053272,0.0141218,0.0403682,0.0204565,0.0211653,0.0469412,0.0328497,0.0086053,0.433864,0.0203086,0.0284559,0.0354502,0.049316,0.0348459,0.0253408,0.00386273,0.0141032
N1,31,0.0487211,0.517178,0.0203724,0.0272516,0.0228605,0.0279702,0.00993887,0.0330686,0.0254699,0.0501657,0.0118032,0.0186642,0.017694,0.0166425,0.022796,0.0360168,0.0292816,0.0401108,0.0058031,0.018191
N1,32,0.07598,0.0120674,0.0362733,0.0435187,0.0231897,0.0347311,0.017431,0.0656526,0.0433711,0.0651222,0.0194691,0.147325,0.0219906,0.0283667,0.0327501,0.0606477,0.0818936,0.165979,0.00499294,0.0192482
N1,33,0.187155,0.016876,0.0247242,0.0340121,0.0645327,0.0306919,0.0281443,0.0391506,0.0312013,0.0659847,0.0169035,0.0264462,0.0214076,0.0240115,0.0292505,0.0551788,0.0375118,0.0502696,0.0123376,0.20421
N1,34,0.0379771,0.00489753,0.496137,0.0972191,0.0117512,0.0338429,0.012544,0.018199,0.036806,0.028318,0.00729547,0.0436901,0.0199038,0.0260891,0.0278794,0.0354123,0.0260068,0.0218943,0.00327099,0.0108656
N1,35,0.0369333,0.00936788,0.0167257,0.0234418,0.118237,0.0183318,0.0160297,0.178248,0.0232447,0.118632,0.0254223,0.0167294,0.0149022,0.0164082,0.0214785,0.0258799,0.0275477,0.0775855,0.0130784,0.201776
N1,36,0.0788682,0.0104397,0.0357679,0.0428807,0.015978,0.0464855,0.0129541,0.0259888,0.0381254,0.0390896,0.010288,0.0376699,0.0294176,0.0249684,0.031818,0.407668,0.0609405,0.0326665,0.00424025,0.013745
N1,37,0.0470954,0.00858305,0.0170626,0.0244566,0.0277626,0.0201671,0.0084991,0.11934,0.023168,0.100484,0.0213696,0.0152085,0.0167421,0.0155246,0.0201441,0.0271347,0.031833,0.433911,0.00525556,0.0162586
N1,38,0.0323482,0.00728895,0.0149286,0.0210251,0.259058,0.0169175,0.0103691,0.0661811,0.020561,0.306903,0.0280367,0.0136802,0.0140503,0.0143102,0.0186682,0.0224177,0.022396,0.0562035,0.0118086,0.0428474
N1,39,0.0519406,0.0128192,0.0247587,0.032638,0.0603281,0.0246887,0.0324004,0.0419239,0.033301,0.0663206,0.01845,0.0333419,0.0194446,0.0243484,0.030694,0.0585768,0.167295,0.0486327,0.0117188,0.206378
N1,40,0.0418254,0.00551155,0.284039,0.0769622,0.0128533,0.0390504,0.017035,0.0196456,0.0429601,0.0305318,0.00795576,0.224006,0.0205496,0.0289979,0.0317774,0.0455052,0.0311727,0.0236759,0.00355671,0.0123885
N1,41,0.0589657,0.00823337,0.0545787,0.0501025,0.0152037,0.047607,0.018109,0.0235637,0.0457887,0.0360234,0.00960707,0.222295,0.024551,0.0291046,0.0356453,0.218904,0.0543292,0.0288838,0.00408772,0.0144165
N1,42,0.260847,0.0117402,0.0323308,0.042643,0.0167548,0.050591,0.0119945,0.0293392,0.0364085,0.0429382,0.01144,0.0300627,0.0302201,0.0245798,0.0302651,0.219329,0.0613471,0.0391417,0.00430605,0.0137211
N1,43,0.191511,0.0122848,0.0386541,0.0503562,0.021925,0.0523159,0.0150002,0.0358055,0.0439006,0.0540609,0.0143479,0.0371066,0.0344788,0.0295985,0.0370677,0.200934,0.0585613,0.0482276,0.00577466,0.0180879
N1,44,0.0597845,0.0068765,0.237953,0.0803189,0.0136237,0.0464925,0.0149707,0.0214952,0.0415828,0.0330212,0.00871689,0.0691619,0.0260871,0.0297929,0.031711,0.191224,0.0442491,0.0266044,0.00372822,0.0126058
N1,45,0.0404394,0.00996393,0.0159646,0.022507,0.220064,0.0185352,0.0106341,0.105126,0.0217341,0.139742,0.0266949,0.0148099,0.0151891,0.0150015,0.0195245,0.0255453,0.0272079,0.201199,0.0100076,0.0401101
N1,46,0.0576648,0.0150841,0.0277229,0.0342495,0.0581633,0.0295092,0.0364563,0.0329819,0.0332054,0.056299,0.0141598,0.0384976,0.0213448,0.0248555,0.0316651,0.173744,0.0438434,0.0382403,0.0121387,0.220174
N1,47,0.0755164,0.0100036,0.0329067,0.0416342,0.0168581,0.0376347,0.0126732,0.0300153,0.039006,0.0433405,0.0118264,0.0360462,0.0271528,0.0251646,0.0318313,0.232827,0.238907,0.0383725,0.00430754,0.0139763
N1,48,0.0323504,0.00728832,0.0149287,0.021026,0.25882,0.0169174,0.0103669,0.0661989,0.0205623,0.307132,0.0280442,0.0136798,0.0140513,0.0143113,0.0186691,0.0224178,0.0223979,0.0562159,0.0118044,0.0428174
N1,49,0.0416015,0.00540302,0.035953,0.0720216,0.0139751,0.027992,0.0188351,0.0221633,0.256573,0.0358146,0.00994212,0.032839,0.0215472,0.208479,0.0860231,0.0366979,0.0310115,0.0261812,0.00401666,0.0129299
N1,50,0.0487211,0.517178,0.0203724,0.0272516,0.0228605,0.0279702,0.00993887,0.0330686,0.0254699,0.0501657,0.0118032,0.0186642,0.017694,0.0166425,0.022796,0.0360168,0.0292816,0.0401108,0.0058031,0.018191
N1,51,0.0276987,0.00627744,0.0162092,0.0218854,0.0868037,0.0170479,0.0194645,0.0288326,0.0211391,0.0530111,0.0112729,0.0152029,0.0131319,0.0144968,0.0195699,0.0215308,0.0192023,0.0298369,0.0196493,0.537737
N1,52,0.0495806,0.00597881,0.0292828,0.0340273,0.012098,0.592285,0.00934048,0.0190183,0.0282376,0.029291,0.00744392,0.0244689,0.0183422,0.0178569,0.0239575,0.037174,0.0244809,0.0232186,0.00359509,0.0103218
N1,53,0.0470954,0.00858305,0.0170626,0.0244566,0.0277626,0.0201671,0.0084991,0.11934,0.023168,0.100484,0.0213696,0.0152085,0.0167421,0.0155246,0.0201441,0.0271347,0.031833,0.433911,0.00525556,0.0162586
N1,54,0.261777,0.0117815,0.0325028,0.0427495,0.0166856,0.051231,0.0120175,0.028963,0.0364028,0.0425695,0.0113118,0.0301852,0.0303864,0.0245944,0.0302925,0.223351,0.0567071,0.038487,0.00430039,0.0137044
N1,55,0.0371624,0.00471644,0.0216443,0.0294147,0.0122136,0.0225921,0.00852208,0.019758,0.0256761,0.0310942,0.00748663,0.0166613,0.635634,0.0167894,0.0217353,0.0293298,0.0226695,0.0235812,0.0032796,0.0100391
N1,56,0.0755164,0.0100036,0.0329068,0.0416342,0.0168581,0.0376347,0.0126733,0.0300152,0.039006,0.0433404,0.0118264,0.0360463,0.0271528,0.0251646,0.0318313,0.232827,0.238907,0.0383724,0.00430754,0.0139763
N1,57,0.0636288,0.00724278,0.0381998,0.0574379,0.014701,0.0380769,0.0161201,0.0240003,0.219073,0.0372019,0.0103944,0.0500202,0.0266312,0.0412044,0.0702055,0.181947,0.0569072,0.0295352,0.00412281,0.0133501
N1,58,0.033678,0.00660945,0.0151122,0.0216124,0.0423505,0.0171359,0.00855697,0.078405,0.0212405,0.523356,0.0313959,0.0135413,0.0147154,0.0147501,0.0190524,0.0225266,0.0235277,0.0652242,0.00696958,0.0202398
N1,59,0.190815,0.00974006,0.0520785,0.0537636,0.0160917,0.0600118,0.0176279,0.0266665,0.0470667,0.0396669,0.0110933,0.163391,0.0258414,0.0315578,0.0351015,0.109584,0.0563352,0.0346616,0.0041858,0.0147197
N1,60,0.0379771,0.00489753,0.496137,0.0972191,0.0117512,0.0338429,0.012544,0.018199,0.036806,0.028318,0.00729547,0.0436901,0.0199038,0.0260891,0.0278794,0.0354123,0.0260068,0.0218943,0.00327099,0.0108656
N1,61,0.0364786,0.00698564,0.0160583,0.0231046,0.0409107,0.0181992,0.00903117,0.0836289,0.0230207,0.346193,0.184231,0.0144974,0.015276,0.0163348,0.0205454,0.024222,0.0261227,0.0682383,0.00689834,0.0200234
N1,62,0.0487211,0.517178,0.0203724,0.0272516,0.0228605,0.0279702,0.00993887,0.0330686,0.0254699,0.0501657,0.0118032,0.0186642,0.017694,0.0166425,0.022796,0.0360168,0.0292816,0.0401108,0.0058031,0.018191
N1,63,0.0271,0.00644179,0.0141437,0.0196118,0.251692,0.0164547,0.0114279,0.0327474,0.0192116,0.0689188,0.0138115,0.0128812,0.0124591,0.0130621,0.0182995,0.0202171,0.0184756,0.0327738,0.302574,0.0876968
N1,64,0.0743115,0.00685183,0.0767578,0.231184,0.0139526,0.0406631,0.0145063,0.02271,0.0522936,0.0349178,0.00941836,0.0426081,0.0273705,0.0438257,0.0367432,0.176613,0.0501575,0.0286488,0.00384332,0.0126224
N1,65,0.0726616,0.0067735,0.0799969,0.2312,0.0138894,0.0405131,0.0147432,0.0225293,0.0527292,0.0346761,0.00934173,0.0493854,0.02702,0.0439293,0.0367917,0.170929,0.0480957,0.0283503,0.0038297,0.0126153
N1,66,0.243709,0.0123761,0.0221214,0.0324643,0.0232773,0.0307001,0.0100359,0.0677479,0.0290299,0.0745752,0.0189406,0.0197907,0.0230891,0.019816,0.0247055,0.0433449,0.0466805,0.237032,0.00496723,0.0155971
N1,67,0.0335905,0.00699321,0.0228154,0.0298531,0.0563646,0.021516,0.216359,0.0277109,0.0297787,0.0496717,0.0114668,0.0249108,0.0163381,0.0227705,0.0295069,0.0283717,0.0238836,0.0300611,0.0134454,0.304592
N1,68,0.181919,0.011255,0.0207743,0.0304516,0.0265079,0.0273782,0.0100723,0.174792,0.0284607,0.0958502,0.026481,0.0191893,0.0215478,0.0195478,0.0243593,0.0402344,0.0479498,0.171391,0.0052363,0.0166012
N1,69,0.0379771,0.00489753,0.496137,0.0972191,0.0117512,0.0338429,0.012544,0.018199,0.036806,0.028318,0.00729547,0.0436901,0.0199038,0.0260891,0.0278794,0.0354123,0.0260068,0.0218943,0.00327099,0.0108656
N1,70,0.0280966,0.00634961,0.0164591,0.0221873,0.085947,0.0173291,0.0195501,0.0288573,0.0214051,0.0529187,0.0112904,0.0154592,0.0133176,0.0146757,0.019799,0.0219814,0.0194849,0.029943,0.0193841,0.535565
N1,71,0.0350752,0.00789381,0.0158893,0.0224091,0.248502,0.0180309,0.0112993,0.0675835,0.0221398,0.161168,0.161644,0.0148021,0.0145452,0.0155923,0.0200468,0.0243814,0.0248509,0.0577038,0.0119201,0.0445223
N1,72,0.0702853,0.00838166,0.0259888,0.0468677,0.0208225,0.0272202,0.0135253,0.0629461,0.190842,0.0701974,0.0217957,0.0269683,0.0225708,0.0342846,0.0567446,0.0418464,0.0579684,0.179587,0.00498473,0.016172
N1,73,0.0414516,0.00775266,0.0162503,0.0232382,0.0298979,0.0188859,0.00833913,0.272592,0.0223267,0.115463,0.0239897,0.014562,0.015774,0.0149901,0.0195143,0.0253532,0.0297263,0.277702,0.00541808,0.0167735
N1,74,0.0636279,0.00724318,0.0381965,0.0574333,0.014702,0.0380763,0.0161213,0.0240009,0.219062,0.0372034,0.0103946,0.0500178,0.0266307,0.0412042,0.0702232,0.181947,0.0569057,0.0295356,0.00412344,0.0133512
N1,75,0.0706427,0.00610012,0.0793907,0.216506,0.012552,0.247677,0.0127135,0.020028,0.0451284,0.0309934,0.00825219,0.0388165,0.0221597,0.0336484,0.033274,0.0512144,0.0308086,0.0252229,0.00369017,0.0111818
N1,76,0.0432441,0.00526509,0.200666,0.128798,0.0126197,0.0341599,0.0168047,0.0198899,0.196867,0.0311407,0.00833725,0.0679911,0.0219714,0.0432348,0.0533977,0.04356,0.0325718,0.0240258,0.00357843,0.0118776
N1,77,0.0379874,0.00489784,0.495655,0.0976282,0.0117535,0.0338264,0.0125447,0.0182047,0.0368393,0.0283271,0.00729799,0.0436481,0.0199077,0.0261228,0.0278985,0.0354103,0.0260109,0.0219011,0.00327167,0.0108666
N1,78,0.0414518,0.00775268,0.0162504,0.0232384,0.0298977,0.0188861,0.00833915,0.272592,0.0223268,0.115462,0.0239896,0.0145621,0.0157741,0.0149902,0.0195144,0.0253534,0.0297263,0.277702,0.00541804,0.0167734
N1,79,0.0447956,0.0106339,0.0216758,0.0323699,0.17139,0.0241454,0.0352334,0.0417243,0.0505868,0.0958721,0.0234258,0.0240753,0.0188406,0.0298195,0.16955,0.0384858,0.0323102,0.0439102,0.0180796,0.0730759
N1,80,0.0694493,0.0076103,0.0422307,0.0669983,0.0156747,0.0378365,0.0212865,0.0250013,0.0590039,0.0399053,0.01132,0.0447848,0.0281585,0.186642,0.0488202,0.192064,0.0537069,0.0307542,0.00433036,0.0144222
N1,81,0.0348105,0.00795434,0.0152112,0.0214175,0.233652,0.0173637,0.0101371,0.208118,0.020867,0.157768,0.0288645,0.0140686,0.0142726,0.0143422,0.018771,0.0234533,0.0247147,0.0844039,0.0100547,0.0397558
N1,82,0.203353,0.00770013,0.0342128,0.061621,0.0153814,0.041258,0.0144134,0.0272214,0.211622,0.0413067,0.0121372,0.0336773,0.0274634,0.0411872,0.0634675,0.0625797,0.0477821,0.0360506,0.00420444,0.0133607
N1,83,0.0371624,0.00471642,0.0216442,0.0294147,0.0122135,0.022592,0.00852207,0.0197579,0.0256761,0.0310941,0.00748661,0.0166613,0.635635,0.0167894,0.0217353,0.0293298,0.0226695,0.0235811,0.00327959,0.0100391
N1,84,0.256566,0.0116403,0.0327612,0.0426964,0.0165182,0.0599069,0.0120052,0.0285552,0.0363368,0.0420373,0.0111726,0.0305592,0.0300548,0.0244955,0.0302585,0.222722,0.0559277,0.0379001,0.00428261,0.0136033
N1,85,0.0741357,0.00680229,0.0455665,0.0682123,0.0139124,0.2414,0.0189604,0.0218169,0.0539548,0.0348022,0.00983612,0.0447791,0.0232371,0.158753,0.0462037,0.059726,0.0338417,0.0272551,0.00424139,0.0125631
N1,86,0.237419,0.0108988,0.0297035,0.0413402,0.0176322,0.03949,0.0116444,0.0354309,0.036917,0.0483481,0.0137591,0.0280954,0.0275778,0.0245555,0.0299699,0.0895891,0.207376,0.0520067,0.00436165,0.0138856
N1,87,0.0495806,0.00597881,0.0292828,0.0340273,0.012098,0.592285,0.00934048,0.0190183,0.0282376,0.029291,0.00744392,0.0244689,0.0183422,0.0178569,0.0239575,0.037174,0.0244809,0.0232186,0.00359509,0.0103218
N1,88,0.0891382,0.00925959,0.165494,0.0916517,0.0195925,0.0354124,0.0145792,0.0459456,0.0391146,0.055851,0.0154549,0.0433718,0.0250359,0.0298381,0.0296613,0.0540463,0.0612061,0.154532,0.00454042,0.016275
N1,89,0.0348104,0.00795432,0.0152111,0.0214173,0.233652,0.0173635,0.010137,0.208118,0.0208669,0.157769,0.0288646,0.0140685,0.0142725,0.0143421,0.0187709,0.0234532,0.0247146,0.084404,0.0100547,0.0397559
N1,90,0.45191,0.0108862,0.0284237,0.040161,0.0171687,0.0493451,0.0108123,0.0323563,0.0332246,0.0461469,0.0120135,0.0240616,0.0286774,0.0224822,0.0277411,0.059944,0.0418556,0.0450444,0.00431033,0.0134352
N1,91,0.0432441,0.00526509,0.200666,0.128798,0.0126197,0.0341599,0.0168047,0.0198899,0.196867,0.0311407,0.00833724,0.0679911,0.0219714,0.0432348,0.0533977,0.04356,0.0325718,0.0240258,0.00357843,0.0118776
N1,92,0.0276987,0.00627744,0.0162092,0.0218854,0.0868037,0.0170479,0.0194645,0.0288326,0.0211391,0.0530111,0.0112729,0.0152029,0.0131319,0.0144968,0.0195699,0.0215308,0.0192023,0.0298369,0.0196493,0.537737
N1,93,0.0432679,0.00617629,0.0659947,0.0526429,0.0142017,0.0404218,0.0205411,0.02126,0.0470334,0.0330012,0.00864063,0.43463,0.0202989,0.0284327,0.0355622,0.0494307,0.034954,0.0254398,0.00388398,0.0141857
N1,94,0.0276987,0.00627744,0.0162092,0.0218854,0.0868037,0.0170479,0.0194645,0.0288326,0.0211391,0.0530111,0.0112729,0.0152029,0.0131319,0.0144968,0.0195699,0.0215308,0.0192023,0.0298369,0.0196493,0.537737
N1,95,0.038088,0.00516713,0.0317082,0.0531,0.0131868,0.0269879,0.0141073,0.0210381,0.473904,0.0333102,0.00885278,0.0293121,0.0200384,0.0372929,0.0913947,0.0334384,0.0284938,0.0248056,0.00380956,0.0119638
N1,96,0.033678,0.00660945,0.0151122,0.0216124,0.0423505,0.0171359,0.00855697,0.078405,0.0212405,0.523356,0.0313959,0.0135413,0.0147154,0.0147501,0.0190524,0.0225266,0.0235277,0.0652242,0.00696958,0.0202398
N1,97,0.0371624,0.00471642,0.0216442,0.0294147,0.0122135,0.022592,0.00852207,0.0197579,0.0256761,0.0310941,0.00748661,0.0166613,0.635635,0.0167894,0.0217353,0.0293298,0.0226695,0.0235811,0.00327959,0.0100391
N1,98,0.0598083,0.00687956,0.237717,0.0802811,0.0136262,0.0464993,0.0149705,0.0214996,0.0415849,0.0330273,0.00871849,0.0691586,0.0260929,0.0297929,0.0317154,0.191413,0.0442693,0.0266103,0.00372883,0.0126072
N1,99,0.0379771,0.00489753,0.496137,0.0972191,0.0117512,0.0338429,0.012544,0.018199,0.036806,0.028318,0.00729547,0.0436901,0.0199038,0.0260891,0.0278794,0.0354123,0.0260068,0.0218943,0.00327099,0.0108656
N1,100,0.0286575,0.00660543,0.0144293,0.0199775,0.507282,0.0162275,0.011176,0.0413519,0.0193001,0.0846275,0.0159428,0.0131996,0.0129557,0.013191,0.0175126,0.0208181,0.019738,0.0396162,0.0165034,0.0808876
N1,101,0.0597583,0.00938021,0.0225677,0.0325815,0.0267851,0.0252019,0.0116031,0.0661049,0.0343164,0.0938536,0.170763,0.0230539,0.0203015,0.0244385,0.0284025,0.0464949,0.209273,0.0718416,0.00561962,0.0176589
N1,102,0.0495806,0.00597881,0.0292828,0.0340273,0.012098,0.592285,0.00934048,0.0190183,0.0282376,0.029291,0.00744392,0.0244689,0.0183422,0.0178569,0.0239575,0.037174,0.0244809,0.0232186,0.00359509,0.0103218
N1,103,0.0487211,0.517178,0.0203724,0.0272516,0.0228605,0.0279702,0.00993887,0.0330686,0.0254699,0.0501657,0.0118032,0.0186642,0.017694,0.0166425,0.022796,0.0360168,0.0292816,0.0401108,0.0058031,0.018191
N1,104,0.0700306,0.0105773,0.0222172,0.0318215,0.0234337,0.0256861,0.0104029,0.080957,0.0305606,0.0762883,0.0210354,0.0212887,0.0212314,0.0202201,0.025632,0.0455053,0.209871,0.232385,0.00495857,0.0158982
N1,105,0.0411722,0.00772865,0.0161949,0.0231746,0.0305955,0.0187913,0.00838303,0.270216,0.0223078,0.119482,0.0243343,0.0145219,0.0157492,0.0150108,0.0195345,0.0252291,0.0294798,0.275461,0.00555351,0.01708
N1,106,0.243507,0.0123752,0.0221171,0.0324588,0.0232804,0.0306885,0.0100347,0.0677879,0.0290265,0.0745959,0.0189435,0.0197872,0.0230846,0.0198131,0.0247028,0.0433279,0.0466792,0.237226,0.00496705,0.015597
N1,107,0.0271019,0.00644234,0.0141435,0.0196113,0.251934,0.0164535,0.0114282,0.0327579,0.0192107,0.06894,0.0138146,0.0128813,0.0124595,0.0130617,0.018297,0.0202177,0.0184772,0.0327825,0.302266,0.0877193
N1,108,0.0566545,0.00796068,0.0479087,0.0489171,0.0161053,0.0379595,0.0175831,0.0272304,0.0486791,0.0399032,0.0111896,0.204369,0.0230401,0.0297135,0.0358226,0.0878957,0.206725,0.0334643,0.00417024,0.0147087
N1,109,0.0566412,0.00795931,0.0479329,0.0489252,0.0161024,0.037971,0.0175899,0.0272197,0.0486859,0.0398904,0.0111862,0.204575,0.0230382,0.0297168,0.0358263,0.0878871,0.206522,0.0334503,0.00416982,0.0147094
N1,110,0.045973,0.00603416,0.0582016,0.0727327,0.0146588,0.0351154,0.0327637,0.0224147,0.0698192,0.0357271,0.00992019,0.198606,0.0219368,0.19212,0.0499535,0.0512188,0.0373855,0.026724,0.00407672,0.0146182
N1,111,0.072923,0.00678648,0.0794683,0.231214,0.0138986,0.0405462,0.014704,0.0225539,0.0528352,0.0347105,0.00935182,0.0483064,0.0270822,0.0439178,0.0367969,0.171842,0.0482259,0.02839,0.00383189,0.0126155
N1,112,0.0345701,0.00673557,0.0154193,0.0220984,0.0412517,0.0174863,0.0086533,0.0807262,0.0216714,0.513737,0.0312225,0.0138025,0.0149733,0.015256,0.0193996,0.0230107,0.0241292,0.069167,0.00679977,0.0198907
N1,113,0.0588351,0.00682994,0.210781,0.0852347,0.0143763,0.037611,0.0149648,0.024251,0.044182,0.0361939,0.00991391,0.0676411,0.0246745,0.0312366,0.0321636,0.0797682,0.17384,0.0307317,0.00381454,0.0129556
N1,114,0.0875841,0.223799,0.0272342,0.0347253,0.0207705,0.040465,0.0125933,0.0315999,0.0321202,0.0472952,0.0122298,0.0290001,0.0233732,0.0212722,0.0290666,0.209768,0.0525927,0.0416785,0.00527021,0.0175621
N1,115,0.0559051,0.00774128,0.0536838,0.0521792,0.0148939,0.0449022,0.0185649,0.0231135,0.07294,0.0355053,0.00950611,0.219618,0.0237403,0.0313071,0.0415879,0.19703,0.0513548,0.0281902,0.00404427,0.0141918
N1,116,0.260437,0.0117062,0.0320711,0.0424396,0.0168791,0.0498003,0.0119589,0.029859,0.0363624,0.0435231,0.0115859,0.0298907,0.0299828,0.0245319,0.0302098,0.220513,0.060423,0.0397546,0.00431715,0.0137549
N1,117,0.0775697,0.00960467,0.0335865,0.041648,0.0163319,0.0659756,0.0124097,0.0289804,0.0383924,0.0419329,0.0114948,0.0362493,0.0256994,0.0246076,0.0313927,0.163766,0.285155,0.0373793,0.00429585,0.0135285
N1,118,0.0866939,0.00895172,0.0374879,0.0415793,0.0142015,0.298267,0.0118802,0.0225511,0.0352576,0.0344183,0.00902838,0.0388804,0.0242873,0.0227133,0.0298399,0.200023,0.039222,0.0284256,0.00409393,0.0121978
N1,119,0.0505232,0.00614245,0.0334106,0.036871,0.0124815,0.560906,0.0103638,0.019492,0.030638,0.0300507,0.00768346,0.0329755,0.0188967,0.0192927,0.0257242,0.0401543,0.0260776,0.0238035,0.00367565,0.0108374
N1,120,0.0457969,0.00564236,0.127221,0.228458,0.0138483,0.036521,0.0188284,0.0208323,0.0597088,0.0325351,0.0086278,0.171236,0.0212595,0.0455916,0.0373383,0.0479512,0.034455,0.0252166,0.00384908,0.0150825
N1,121,0.19082,0.00973291,0.0521577,0.0539238,0.0160734,0.0599869,0.0176201,0.0266459,0.0470754,0.0396352,0.0110866,0.163328,0.0258505,0.0315773,0.035101,0.109546,0.0563128,0.0346419,0.00418112,0.0147039
N1,122,0.0543831,0.012774,0.0209392,0.0287432,0.184045,0.0235796,0.0177243,0.0617502,0.0287034,0.0980305,0.0289744,0.0232665,0.0191306,0.0203101,0.0257273,0.0540056,0.160214,0.068316,0.0104086,0.058974
N1,123,0.19018,0.0156106,0.0212359,0.0298634,0.171359,0.0289822,0.0166198,0.0529535,0.027826,0.106272,0.0239886,0.0208839,0.0210354,0.020445,0.0252175,0.048334,0.0366314,0.0690831,0.0105275,0.0629506
N1,124,0.0264352,0.00618089,0.0148506,0.0203874,0.0827759,0.0167528,0.0149069,0.0275431,0.0199877,0.0528543,0.0112564,0.0136502,0.0124706,0.0136231,0.0194633,0.0203889,0.0181088,0.0285124,0.311993,0.267858
N1,125,0.0444959,0.00563462,0.183449,0.101853,0.0130485,0.0364056,0.0242876,0.0202014,0.09186,0.0320081,0.00856197,0.0627669,0.0224521,0.0490455,0.181728,0.0482226,0.0328104,0.0243956,0.00392835,0.0128456
N1,126,0.0460563,0.00685514,0.0251063,0.041266,0.0224977,0.0251192,0.0150343,0.0407017,0.232305,0.0923983,0.0203961,0.0263732,0.0205371,0.037009,0.20224,0.0437438,0.0356237,0.0436196,0.00576875,0.0173492
N1,127,0.0644905,0.0161244,0.0228563,0.0303326,0.211187,0.028809,0.0194217,0.0438388,0.0293226,0.0804637,0.0199884,0.0261327,0.0215313,0.0212083,0.0268019,0.173472,0.0458068,0.0502164,0.0111449,0.0568515
N1,128,0.0390251,0.0061315,0.0313028,0.0452977,0.0182232,0.0277048,0.199006,0.0229203,0.0773353,0.0383225,0.00989306,0.0363068,0.0205448,0.050398,0.25636,0.0363816,0.0290489,0.0265136,0.00590302,0.0233806
N1,129,0.0336874,0.00700342,0.0228718,0.0299847,0.0561024,0.0215643,0.215648,0.0277317,0.0302555,0.0496886,0.0114882,0.0249919,0.0163729,0.0228966,0.0299064,0.028467,0.0239656,0.0300989,0.0133975,0.303877
N1,130,0.0709375,0.00614032,0.0792471,0.217433,0.0126225,0.233943,0.0128108,0.0201635,0.0455217,0.0311922,0.00831201,0.039057,0.0224402,0.0342581,0.0334541,0.060231,0.0318833,0.0253993,0.00369754,0.0112554
N1,131,0.0636288,0.00724278,0.0381998,0.0574379,0.014701,0.0380769,0.0161201,0.0240003,0.219073,0.0372019,0.0103944,0.0500202,0.0266312,0.0412044,0.0702055,0.181947,0.0569072,0.0295352,0.00412281,0.0133501
N1,132,0.0371889,0.00705051,0.0155293,0.0221577,0.0320236,0.0178187,0.00817412,0.424433,0.0214946,0.130608,0.0258055,0.0139424,0.0149253,0.0144588,0.0188852,0.0237873,0.0271124,0.121703,0.0056025,0.0172993
N1,133,0.0428476,0.00516773,0.054296,0.261393,0.012776,0.0295635,0.0145162,0.0205428,0.240936,0.0322721,0.00867458,0.0339345,0.0214716,0.054672,0.0596277,0.0368642,0.0303273,0.024797,0.00363705,0.0116834
N1,134,0.0537484,0.00603957,0.0297807,0.0462023,0.0141189,0.0294911,0.0176914,0.022876,0.0764867,0.0376273,0.00954586,0.0263611,0.258791,0.0389668,0.203726,0.0490948,0.034364,0.0282007,0.00422885,0.0126587
N1,135,0.0277329,0.00629302,0.0161632,0.021838,0.0896582,0.0170295,0.0192975,0.0290941,0.0210956,0.0536089,0.0113708,0.0151573,0.0131303,0.0144691,0.0195226,0.0215232,0.0192242,0.0300548,0.0196225,0.534114
N1,136,0.0436157,0.00526644,0.0585882,0.291473,0.0133357,0.0294404,0.016549,0.0211538,0.0617243,0.033692,0.00902701,0.0315439,0.0219688,0.211915,0.0432268,0.036615,0.0293997,0.0254337,0.00375933,0.0122724
N1,137,0.0494273,0.00801004,0.0236804,0.0379747,0.0242566,0.0255528,0.0175463,0.0444136,0.0782237,0.0880646,0.148118,0.0247748,0.0199056,0.0446269,0.214905,0.0374277,0.0401296,0.0468514,0.00694165,0.0191691
N1,138,0.0478283,0.00846468,0.163027,0.0699779,0.0332832,0.041932,0.0300912,0.0269301,0.0372102,0.0486579,0.012798,0.0418227,0.0203724,0.0317719,0.0383518,0.0493986,0.0322603,0.031707,0.184635,0.0494807
N1,139,0.0856369,0.0135104,0.0232814,0.0327971,0.0290686,0.0285082,0.0119816,0.147932,0.0325603,0.104411,0.0261233,0.0269585,0.0236181,0.0225823,0.0280394,0.145396,0.0933969,0.100246,0.00552852,0.0184237
N1,140,0.0780306,0.0104154,0.0359316,0.042976,0.0159249,0.0464249,0.0129963,0.0258264,0.038241,0.0388767,0.0102416,0.0378778,0.0294214,0.0250195,0.0319135,0.408386,0.0610739,0.0324509,0.00423403,0.0137379
N1,141,0.0458214,0.00558507,0.128656,0.22933,0.0131607,0.0368663,0.0183072,0.0205507,0.06007,0.0319432,0.00849677,0.172984,0.0213317,0.0456156,0.0373986,0.048156,0.034535,0.0249384,0.00365443,0.0125989
N1,142,0.0694111,0.0108206,0.111312,0.0511268,0.0221986,0.0346426,0.0169872,0.056359,0.0428762,0.0614373,0.0176367,0.166681,0.0217658,0.0284995,0.0324405,0.0572833,0.0680792,0.107152,0.00488717,0.0184032
N1,143,0.0408627,0.00787389,0.0160792,0.0231018,0.0358925,0.018596,0.00862317,0.15551,0.0224028,0.268382,0.0307038,0.0144392,0.0158748,0.0154035,0.0198228,0.0249634,0.0282291,0.228847,0.00606268,0.0183293
N1,144,0.027718,0.00628547,0.0161666,0.0218394,0.08753,0.0170269,0.0193728,0.0290157,0.0210982,0.0533868,0.0113349,0.0151662,0.0131275,0.014472,0.0195282,0.0215189,0.0192149,0.0299935,0.0196094,0.536594
N1,145,0.0435704,0.00621697,0.0656148,0.0526218,0.0142347,0.0404968,0.0205032,0.0213357,0.0470531,0.0331096,0.00867182,0.43279,0.0204084,0.0286075,0.0356071,0.0502983,0.0352331,0.0255419,0.00389165,0.0141929
N1,146,0.107224,0.148826,0.0258306,0.0344285,0.0198651,0.0338265,0.0131373,0.0309696,0.031494,0.0497386,0.0119317,0.0236936,0.215555,0.021843,0.0294724,0.0893298,0.0451652,0.0464203,0.00498284,0.0162672
N1,147,0.163817,0.0068861,0.0663706,0.238507,0.014007,0.0632955,0.0133982,0.0235079,0.0485953,0.0358231,0.00970879,0.0358011,0.0266444,0.0402695,0.0347642,0.0898766,0.041567,0.0309441,0.00384562,0.0123709
N1,148,0.0967897,0.0121196,0.025345,0.0344949,0.0305505,0.198974,0.01339,0.0473527,0.0329317,0.198793,0.0276239,0.0268796,0.0220236,0.0252337,0.0309427,0.0522329,0.0382934,0.0605738,0.00739095,0.0180645
N1,149,0.0671018,0.006701,0.0437825,0.0653925,0.0139694,0.142985,0.0181253,0.0219778,0.0578006,0.0349785,0.00976584,0.0407728,0.0229974,0.274574,0.0455717,0.0545633,0.0348213,0.027306,0.00420468,0.0126078
N1,150,0.0658962,0.00662936,0.0619267,0.230885,0.0145805,0.0331398,0.0139497,0.025888,0.0556304,0.0383731,0.0109282,0.0378542,0.0340369,0.0441716,0.0364897,0.063513,0.175274,0.0341578,0.00389643,0.0127796
N1,151,0.0701862,0.211761,0.0192925,0.0269223,0.0300454,0.0253918,0.00989492,0.0713993,0.0255344,0.0821997,0.0192392,0.0181298,0.0182629,0.0171159,0.0229134,0.0382763,0.0398725,0.228208,0.00599547,0.0193589
N1,152,0.0863985,0.0088759,0.037328,0.0412844,0.0140079,0.305113,0.0117777,0.0222472,0.0349571,0.0339501,0.00891953,0.0387351,0.0240165,0.022512,0.0295905,0.197376,0.0387298,0.0280928,0.00404902,0.0120393
N1,153,0.189152,0.0119063,0.0385576,0.0498696,0.0214324,0.0907891,0.0147042,0.0349924,0.043149,0.0528829,0.0140278,0.0363868,0.0334141,0.028962,0.0364949,0.17742,0.0552303,0.0472267,0.00573966,0.0176626
N1,154,0.0608545,0.00979741,0.0222004,0.0325705,0.0350209,0.0259776,0.0111932,0.24212,0.0311545,0.119884,0.0264971,0.0201598,0.0221411,0.0208963,0.0269904,0.0345219,0.0405308,0.189936,0.00676944,0.0207835
N1,155,0.0672519,0.00609097,0.0485559,0.164744,0.0138478,0.0315998,0.0126082,0.0235637,0.0425953,0.0365074,0.00919913,0.026441,0.283579,0.0347746,0.0316395,0.082029,0.037009,0.0324847,0.00370415,0.0117754
N1,156,0.0738905,0.00679609,0.0455122,0.0681932,0.0139274,0.238093,0.0189575,0.0218391,0.053973,0.0348428,0.00984126,0.0446522,0.0232351,0.162583,0.0462079,0.0595406,0.0338269,0.0272689,0.00424273,0.0125772
N1,157,0.0496125,0.0074813,0.0240514,0.0418424,0.0308575,0.0235658,0.0190839,0.0516195,0.0427281,0.258752,0.036852,0.0225388,0.0211684,0.177285,0.0398716,0.0349205,0.0354223,0.0537547,0.0066238,0.0219687
N1,158,0.0477838,0.0111635,0.03033,0.0344442,0.181374,0.0301625,0.0403142,0.0402747,0.034492,0.0714468,0.0195162,0.149435,0.0186993,0.0247298,0.0300998,0.0553245,0.0391877,0.0426669,0.0102247,0.0883301
N1,159,0.0671927,0.181969,0.038344,0.0404955,0.0202903,0.0445912,0.0203281,0.0293467,0.0383779,0.0443326,0.01203,0.176803,0.0209305,0.0250577,0.0342971,0.091234,0.0505319,0.0376172,0.00516294,0.021068
N1,160,0.039408,0.00868294,0.0243491,0.0353811,0.042893,0.0239303,0.0596343,0.029616,0.0571289,0.0541863,0.01359,0.028969,0.0181087,0.0333835,0.204366,0.0353619,0.0289546,0.0327574,0.0157981,0.213501
N1,161,0.0555387,0.00739178,0.0318697,0.0949812,0.0310721,0.0263931,0.0155547,0.0442788,0.146007,0.0794233,0.146928,0.0273828,0.0205457,0.0508983,0.048837,0.0386597,0.0434819,0.0489467,0.00636643,0.0354435
N1,162,0.0371624,0.00471642,0.0216442,0.0294147,0.0122135,0.022592,0.00852207,0.0197579,0.0256761,0.0310941,0.00748661,0.0166613,0.635635,0.0167894,0.0217353,0.0293298,0.0226695,0.0235811,0.00327959,0.0100391
N1,163,0.0470143,0.00823603,0.0217797,0.0345336,0.0286107,0.0236741,0.0178167,0.0515534,0.0600864,0.241641,0.0295786,0.022001,0.0203655,0.0374507,0.204934,0.0345863,0.0348911,0.0523694,0.00778829,0.0210893
N1,164,0.0493504,0.00623343,0.0515069,0.0611697,0.0142477,0.036959,0.0221955,0.0222042,0.139161,0.034683,0.0094293,0.275576,0.0216294,0.0553801,0.0606301,0.0568778,0.0382985,0.0266963,0.00398119,0.0137913
N1,165,0.0875782,0.223798,0.0272354,0.0347265,0.0207698,0.0404639,0.0125937,0.0315986,0.0321214,0.0472932,0.0122295,0.0290012,0.0233749,0.0212728,0.0290676,0.209771,0.0525956,0.0416768,0.00527008,0.0175619
N1,166,0.0276987,0.00627744,0.0162092,0.0218854,0.0868037,0.0170479,0.0194645,0.0288326,0.0211391,0.0530111,0.0112729,0.0152029,0.0131319,0.0144968,0.0195699,0.0215308,0.0192023,0.0298369,0.0196493,0.537737
N1,167,0.144794,0.0134519,0.0271374,0.0364298,0.020537,0.213354,0.011071,0.045757,0.0319158,0.0580236,0.0160498,0.0266942,0.0219686,0.0212582,0.027449,0.0540102,0.0452233,0.16502,0.0051601,0.0146961
N1,168,0.0448002,0.0106322,0.0216846,0.0323864,0.171152,0.0241525,0.0352421,0.0417054,0.0506375,0.0958281,0.0234193,0.0240846,0.018845,0.0298391,0.16978,0.0384934,0.0323161,0.0438959,0.0180748,0.073031
N1,169,0.0749388,0.00996487,0.0332242,0.0418605,0.0170244,0.037673,0.0149619,0.0298067,0.0392785,0.0432109,0.0117777,0.0371349,0.0271036,0.0255917,0.032245,0.232095,0.235305,0.0380424,0.00435991,0.014401
N1,170,0.059754,0.00641536,0.0560041,0.051549,0.0142107,0.037973,0.0211313,0.0226063,0.0484612,0.0354518,0.00915927,0.155634,0.239826,0.032762,0.0355131,0.0839915,0.0444743,0.0281261,0.00379818,0.0131593
N1,171,0.0566805,0.00796161,0.0480702,0.0489853,0.0160635,0.0381837,0.0176025,0.0271115,0.0486705,0.0397514,0.0111476,0.204759,0.023085,0.0297203,0.0358346,0.0884024,0.205782,0.0333293,0.00416502,0.0146938
N1,172,0.0831988,0.0103914,0.0341473,0.0419149,0.0169868,0.0411593,0.0128714,0.0302969,0.038348,0.0435125,0.0116516,0.043243,0.027643,0.0249701,0.0315174,0.343924,0.105986,0.0398148,0.00433388,0.0140892
N1,173,0.0571867,0.00693829,0.0550763,0.0466936,0.0134027,0.296564,0.0150209,0.020615,0.0399161,0.0317972,0.00837916,0.194504,0.0206119,0.024715,0.0319493,0.0619705,0.033073,0.0254083,0.00388401,0.012294
N1,174,0.0889182,0.00925094,0.16517,0.0913485,0.0197367,0.0352188,0.0145947,0.0463957,0.039058,0.0563205,0.0155759,0.0433455,0.0249519,0.0298195,0.0296291,0.0539092,0.0611944,0.154631,0.00456443,0.0163671
N1,175,0.0680565,0.0136735,0.0318134,0.0358765,0.0494996,0.204306,0.0372845,0.0286335,0.0329501,0.0490103,0.0127616,0.0439863,0.0192727,0.0239302,0.0323601,0.0577962,0.0316372,0.0348227,0.0155651,0.176764
N1,176,0.026449,0.00618606,0.0148242,0.0203577,0.083297,0.0167384,0.0148558,0.0276706,0.0199605,0.053143,0.0113038,0.0136279,0.0124679,0.0136065,0.0194324,0.0203809,0.0181173,0.0286215,0.311821,0.267139
N1,177,0.0420226,0.00552142,0.0381376,0.07466,0.014721,0.0279198,0.0213507,0.0229221,0.0638447,0.0376994,0.0102173,0.0297715,0.0220085,0.425161,0.0534494,0.0360073,0.0297535,0.0269434,0.0041743,0.0137141
N1,178,0.0371624,0.00471642,0.0216442,0.0294147,0.0122135,0.022592,0.00852207,0.0197579,0.0256761,0.0310941,0.00748661,0.0166613,0.635635,0.0167894,0.0217353,0.0293298,0.0226695,0.0235811,0.00327959,0.0100391
N1,179,0.0368709,0.00907433,0.017642,0.0247555,0.119264,0.0190703,0.0199026,0.0540974,0.0251876,0.115119,0.143269,0.0179304,0.0150937,0.0191758,0.0235963,0.0270237,0.0272148,0.0501128,0.0160968,0.219503
N1,180,0.0613598,0.00851321,0.0337861,0.048689,0.0153369,0.0384326,0.0194459,0.0242723,0.0844351,0.0384102,0.0104845,0.0405417,0.0261543,0.0406355,0.225904,0.185093,0.0497985,0.0296643,0.00468419,0.0143597
N1,181,0.243709,0.0123761,0.0221214,0.0324643,0.0232773,0.0307001,0.0100359,0.0677479,0.0290299,0.0745752,0.0189406,0.0197907,0.0230891,0.019816,0.0247055,0.0433449,0.0466805,0.237032,0.00496723,0.0155971
N1,182,0.0465475,0.00838264,0.0171894,0.0248983,0.0332779,0.0199305,0.00901946,0.129136,0.0244269,0.14413,0.161386,0.0155703,0.0163899,0.0168924,0.0212962,0.0272233,0.0342101,0.226165,0.00594288,0.0179853
N1,183,0.243709,0.0123761,0.0221214,0.0324643,0.0232773,0.0307001,0.0100359,0.0677479,0.0290299,0.0745752,0.0189406,0.0197907,0.0230891,0.019816,0.0247055,0.0433449,0.0466805,0.237032,0.00496723,0.0155971
N1,184,0.0359006,0.00696439,0.0153422,0.0219455,0.0383647,0.0175098,0.00839874,0.241146,0.021472,0.325918,0.0333981,0.0137932,0.0148908,0.0146943,0.0190653,0.0233,0.0256699,0.0971774,0.00623287,0.0188166
N1,185,0.0755059,0.0100024,0.0329013,0.041631,0.0168599,0.0376231,0.0126723,0.030024,0.0390059,0.0433496,0.011829,0.0360412,0.0271486,0.0251636,0.0318298,0.232645,0.239101,0.0383827,0.00430769,0.0139765
N1,186,0.0323504,0.00728832,0.0149287,0.021026,0.25882,0.0169174,0.0103669,0.0661989,0.0205623,0.307132,0.0280442,0.0136798,0.0140513,0.0143113,0.0186691,0.0224178,0.0223979,0.0562159,0.0118044,0.0428174
N1,187,0.042845,0.00516788,0.0542679,0.261162,0.0127764,0.0295625,0.0145174,0.0205437,0.241157,0.0322738,0.00867526,0.0339384,0.0214712,0.0546692,0.0596602,0.0368649,0.0303294,0.0247974,0.00363716,0.0116838
N1,188,0.0597823,0.00759692,0.0210543,0.031099,0.027479,0.0232404,0.0119297,0.0515998,0.0300929,0.236523,0.0215082,0.0185358,0.252336,0.0235592,0.026826,0.0387437,0.0355967,0.0598885,0.00557653,0.0170324
N1,189,0.0570577,0.00976486,0.0206002,0.0298598,0.031809,0.0232148,0.0115215,0.0853753,0.0306553,0.242608,0.0412874,0.0205316,0.0206041,0.0225956,0.0267825,0.0430758,0.168612,0.0890563,0.00601929,0.0189686
N1,190,0.0434104,0.00628528,0.0433107,0.0532362,0.0143665,0.0355857,0.0297159,0.0218759,0.10919,0.0346974,0.00938781,0.180692,0.0209291,0.0439604,0.222115,0.050265,0.0360768,0.0259824,0.00431781,0.0146002
N1,191,0.237211,0.0108974,0.0297039,0.0413381,0.0176326,0.0394769,0.0116452,0.0354344,0.0369205,0.0483499,0.0137603,0.0281006,0.0275744,0.0245562,0.0299718,0.0895954,0.207577,0.0520064,0.00436168,0.0138861
N1,192,0.0757514,0.00725992,0.0317575,0.0407658,0.0145661,0.0349389,0.0121531,0.0239854,0.0356426,0.0373043,0.00939299,0.0269403,0.310368,0.0244247,0.0296899,0.193214,0.0453354,0.0303965,0.00386405,0.0122485
N1,193,0.45191,0.0108862,0.0284237,0.040161,0.0171687,0.0493451,0.0108123,0.0323563,0.0332246,0.0461469,0.0120135,0.0240616,0.0286774,0.0224822,0.0277411,0.059944,0.0418556,0.0450444,0.00431033,0.0134352
N1,194,0.0615275,0.00873403,0.02911,0.0387649,0.0176011,0.0309103,0.0118052,0.0354368,0.0375489,0.0481242,0.0133116,0.0295184,0.024069,0.0236557,0.0303786,0.0672444,0.429145,0.0448129,0.00433562,0.0139662
N1,195,0.0470954,0.00858305,0.0170626,0.0244566,0.0277626,0.0201671,0.0084991,0.11934,0.023168,0.100484,0.0213696,0.0152085,0.0167421,0.0155246,0.0201441,0.0271347,0.031833,0.433911,0.00525556,0.0162586
